2.594e+00,-1.544e-02,1.422e-01,-4.630e-02,6.200e-01,6.962e-01,1.523e-01,-1.333e+00,-7.230e-01,-4.246e-01,-1.046e+00,5.735e-01,-2.733e-01,-4.630e-02,-3.104e-01,-2.289e-01,-4.775e-01,-2.733e-01,-4.771e-01,-5.511e-01,-4.367e-01,1.909e-01,2.862e-01,-4.506e-01,-6.984e-02,-3.102e-01,1.523e-01,-1.716e-02,3.197e-02,-2.545e-01,-1.573e-02,1.270e-01,4.791e-02,-5.332e-01,-1.662e-01,6.936e-03,-1.333e+00
-1.544e-02,2.594e+00,1.449e+00,6.048e-01,1.406e+00,3.539e-01,1.369e+00,-1.257e+00,-1.500e+00,-3.850e-01,-2.987e-01,3.875e-01,-5.218e-01,3.723e-01,4.198e-01,8.164e-01,-2.929e-01,1.253e+00,-4.771e-01,4.250e-01,-1.544e-02,3.073e-01,9.085e-01,4.238e-01,1.026e+00,6.458e-01,9.271e-01,1.210e+00,1.045e+00,9.845e-01,1.145e+00,1.389e+00,1.456e+00,6.654e-01,1.439e+00,-1.544e-02,-1.448e+00
1.422e-01,1.449e+00,2.594e+00,5.999e-01,7.929e-01,9.967e-01,1.564e+00,-1.420e+00,-1.000e+00,-4.693e-02,-4.999e-01,9.835e-01,-9.617e-02,7.360e-01,1.024e+00,2.585e-01,2.633e-02,1.777e+00,1.106e-01,9.477e-01,4.779e-01,6.744e-01,6.325e-01,1.909e-01,5.631e-01,2.419e-01,8.828e-01,1.024e+00,1.012e+00,1.204e+00,1.208e+00,7.789e-01,7.205e-01,1.183e+00,1.304e+00,-1.296e-01,-1.503e+00
-4.630e-02,6.048e-01,5.999e-01,2.594e+00,6.778e-01,-6.940e-02,6.490e-01,-1.048e+00,-3.423e-01,-7.604e-01,-4.304e-01,2.268e-01,-7.767e-01,5.352e-02,-2.985e-03,1.067e+00,-7.767e-01,4.115e-01,-1.516e+00,2.299e-02,-3.606e-01,-1.173e-01,-7.152e-02,-1.649e-01,2.882e-01,1.170e-01,4.014e-01,3.868e-01,1.071e+00,1.080e+00,2.093e-03,8.869e-01,8.579e-01,4.204e-01,7.096e-01,-2.039e-02,-1.701e+00
6.200e-01,1.406e+00,7.929e-01,6.778e-01,2.594e+00,6.045e-01,1.223e+00,-1.697e+00,-9.091e-01,3.376e-01,2.278e-01,-6.129e-03,-5.249e-02,4.516e-02,1.957e-01,1.132e+00,5.067e-03,3.631e-01,-1.598e+00,4.786e-01,3.082e-01,-1.174e-01,1.387e+00,5.192e-01,1.146e+00,7.502e-01,1.186e+00,1.103e+00,1.106e+00,8.153e-01,7.502e-01,1.596e+00,1.340e+00,3.494e-01,1.457e+00,-5.102e-01,-1.893e+00
6.962e-01,3.539e-01,9.967e-01,-6.940e-02,6.045e-01,2.594e+00,5.742e-01,-8.066e-01,-3.599e-01,-6.175e-01,-6.373e-01,7.550e-01,3.648e-01,5.168e-01,3.492e-02,8.645e-02,1.331e-01,9.012e-01,3.077e-01,-1.891e-02,7.288e-02,4.779e-01,1.542e-01,-1.354e-01,1.565e-01,-1.128e-01,1.679e-01,5.301e-01,1.950e-01,1.523e-01,8.915e-02,3.255e-01,2.885e-01,1.379e-01,6.531e-01,-6.647e-02,-1.134e+00
1.523e-01,1.369e+00,1.564e+00,6.490e-01,1.223e+00,5.742e-01,2.594e+00,-1.217e+00,-1.237e+00,-2.019e-01,-3.332e-01,8.529e-01,1.202e-01,6.490e-01,1.010e+00,8.119e-01,3.792e-01,1.439e+00,-1.068e+00,6.340e-01,1.763e-01,5.576e-01,6.382e-01,3.523e-01,9.366e-01,5.677e-01,8.477e-01,1.050e+00,1.164e+00,1.232e+00,5.677e-01,1.168e+00,1.117e+00,1.154e+00,1.161e+00,7.958e-02,-1.782e+00
-1.333e+00,-1.257e+00,-1.420e+00,-1.048e+00,-1.697e+00,-8.066e-01,-1.217e+00,2.594e+00,-1.952e+00,-1.121e+00,-1.508e+00,-1.760e+00,-1.447e+00,-1.495e+00,-1.592e+00,-1.952e+00,-1.636e+00,-1.405e+00,-1.547e+00,-1.532e+00,-1.604e+00,-1.364e+00,-1.257e+00,-1.473e+00,-1.952e+00,-1.604e+00,-1.333e+00,-1.636e+00,-1.547e+00,-1.315e+00,-1.952e+00,-1.675e+00,-1.952e+00,-1.775e+00,-1.952e+00,-1.952e+00,-1.952e+00
-7.230e-01,-1.500e+00,-1.000e+00,-3.423e-01,-9.091e-01,-3.599e-01,-1.237e+00,-1.952e+00,2.594e+00,-1.237e+00,-1.453e+00,-7.345e-01,-5.491e-01,-1.320e+00,-1.486e+00,9.327e-02,-1.748e+00,-1.531e+00,-1.854e+00,-1.897e+00,-1.783e+00,-5.491e-01,-9.688e-01,-9.091e-01,-9.369e-01,-1.310e+00,-1.870e+00,-1.500e+00,-1.673e+00,-1.673e+00,-6.484e-01,-1.573e+00,-1.308e+00,-1.952e+00,-9.091e-01,6.290e-01,-1.952e+00
-4.246e-01,-3.850e-01,-4.693e-02,-7.604e-01,3.376e-01,-6.175e-01,-2.019e-01,-1.121e+00,-1.237e+00,2.594e+00,3.014e-02,-7.220e-01,-1.247e+00,-9.131e-01,-7.494e-01,-5.294e-01,-1.023e+00,-7.637e-01,-1.409e+00,3.395e-01,-9.975e-01,-7.990e-01,-4.079e-01,-9.430e-01,-6.872e-01,-8.487e-01,1.573e-01,-3.174e-01,-9.495e-02,-3.304e-01,-8.487e-01,-9.495e-02,-5.861e-01,-6.800e-01,-5.805e-01,-9.337e-01,-1.897e+00
-1.046e+00,-2.987e-01,-4.999e-01,-4.304e-01,2.278e-01,-6.373e-01,-3.332e-01,-1.508e+00,-1.453e+00,3.014e-02,2.594e+00,-7.851e-01,-1.283e+00,-8.108e-01,-8.429e-01,-3.044e-01,-9.907e-01,-6.071e-01,-1.747e+00,3.636e-02,-1.046e+00,-8.645e-01,-1.591e-01,-5.762e-01,-4.523e-01,-6.438e-01,2.213e-01,-4.732e-01,-2.552e-01,-2.626e-02,-6.438e-01,-1.827e-02,-3.584e-01,-3.943e-01,-2.445e-01,-1.046e+00,-1.952e+00
5.735e-01,3.875e-01,9.835e-01,2.268e-01,-6.129e-03,7.550e-01,8.529e-01,-1.760e+00,-7.345e-01,-7.220e-01,-7.851e-01,2.594e+00,7.146e-01,6.467e-01,1.411e+00,-2.867e-01,-5.364e-01,8.575e-01,4.185e-01,3.781e-01,4.321e-01,6.210e-01,-2.082e-01,3.955e-01,6.916e-02,2.022e-01,-1.214e-01,1.156e+00,3.704e-01,4.260e-01,1.247e-01,2.311e-01,1.956e-01,5.846e-01,4.031e-01,-3.530e-02,-1.718e+00
-2.733e-01,-5.218e-01,-9.617e-02,-7.767e-01,-5.249e-02,3.648e-01,1.202e-01,-1.447e+00,-5.491e-01,-1.247e+00,-1.283e+00,7.146e-01,2.594e+00,-5.941e-02,2.283e-01,-6.794e-01,9.408e-01,3.229e-01,2.728e-01,-4.262e-01,2.156e-01,2.594e+00,-2.990e-01,-2.377e-01,-5.619e-01,-6.363e-01,4.606e-01,5.124e-01,-6.414e-01,-9.828e-01,-4.982e-01,-4.314e-01,-4.750e-01,-8.555e-01,-6.331e-01,-3.606e-01,-1.345e+00
-4.630e-02,3.723e-01,7.360e-01,5.352e-02,4.516e-02,5.168e-01,6.490e-01,-1.495e+00,-1.320e+00,-9.131e-01,-8.108e-01,6.467e-01,-5.941e-02,2.594e+00,2.088e+00,7.477e-02,-7.690e-01,5.524e-01,2.189e-01,-2.765e-02,2.173e-01,7.404e-01,-3.928e-01,-4.803e-01,-1.071e-01,-2.278e-01,-4.236e-02,4.929e-01,1.912e-01,2.531e-01,2.093e-03,2.102e-01,8.300e-03,1.467e-01,1.977e-01,4.351e-01,-1.110e+00
-3.104e-01,4.198e-01,1.024e+00,-2.985e-03,1.957e-01,3.492e-02,1.010e+00,-1.592e+00,-1.486e+00,-7.494e-01,-8.429e-01,1.411e+00,2.283e-01,2.088e+00,2.594e+00,-2.637e-01,-7.708e-01,9.422e-01,4.881e-02,2.626e-01,1.521e-01,5.525e-01,-5.790e-02,-2.664e-01,1.611e-01,-1.088e-01,-9.617e-02,3.606e-01,6.288e-01,4.588e-01,-1.088e-01,3.304e-01,2.933e-01,7.083e-01,4.356e-01,-3.282e-01,-1.176e+00
-2.289e-01,8.164e-01,2.585e-01,1.067e+00,1.132e+00,8.645e-02,8.119e-01,-1.952e+00,9.327e-02,-5.294e-01,-3.044e-01,-2.867e-01,-6.794e-01,7.477e-02,-2.637e-01,2.594e+00,-6.794e-01,9.535e-02,-1.007e+00,-1.973e-01,-2.289e-01,-2.965e-01,5.932e-01,9.684e-02,6.164e-01,5.372e-01,6.906e-01,5.804e-01,8.731e-01,7.341e-01,2.883e-01,9.746e-01,8.618e-01,2.216e-01,9.722e-01,4.067e-01,-1.506e+00
-4.775e-01,-2.929e-01,2.633e-02,-7.767e-01,5.067e-03,1.331e-01,3.792e-01,-1.636e+00,-1.748e+00,-1.023e+00,-9.907e-01,-5.364e-01,9.408e-01,-7.690e-01,-7.708e-01,-6.794e-01,2.594e+00,-5.256e-01,-6.965e-01,-9.115e-03,5.116e-03,-3.693e-01,6.575e-01,-5.814e-01,-5.619e-01,-7.395e-01,-4.683e-01,1.202e-01,1.845e-02,1.845e-02,-4.982e-01,-4.314e-01,-4.750e-01,-3.719e-01,-5.345e-01,-1.278e+00,-1.806e+00
-2.733e-01,1.253e+00,1.777e+00,4.115e-01,3.631e-01,9.012e-01,1.439e+00,-1.405e+00,-1.531e+00,-7.637e-01,-6.071e-01,8.575e-01,3.229e-01,5.524e-01,9.422e-01,9.535e-02,-5.256e-01,2.594e+00,1.310e+00,7.336e-01,6.845e-01,9.951e-01,5.483e-01,-1.935e-02,3.775e-01,7.999e-02,2.985e-01,9.881e-01,8.153e-01,1.172e+00,7.999e-02,8.303e-01,5.233e-01,1.339e+00,1.161e+00,-2.641e-01,-1.318e+00
-4.771e-01,-4.771e-01,1.106e-01,-1.516e+00,-1.598e+00,3.077e-01,-1.068e+00,-1.547e+00,-1.854e+00,-1.409e+00,-1.747e+00,4.185e-01,2.728e-01,2.189e-01,4.881e-02,-1.007e+00,-6.965e-01,1.310e+00,2.594e+00,-3.812e-01,6.726e-01,1.067e+00,-2.944e-01,-4.771e-01,-6.192e-01,-8.867e-01,-1.344e-01,7.519e-01,-9.865e-01,-1.493e+00,-1.064e+00,-4.490e-01,-1.516e+00,-9.886e-01,-1.025e+00,-1.630e+00,-1.577e+00
-5.511e-01,4.250e-01,9.477e-01,2.299e-02,4.786e-01,-1.891e-02,6.340e-01,-1.532e+00,-1.897e+00,3.395e-01,3.636e-02,3.781e-01,-4.262e-01,-2.765e-02,2.626e-01,-1.973e-01,-9.115e-03,7.336e-01,-3.812e-01,2.594e+00,1.002e+00,2.486e-01,8.464e-01,-1.702e-01,1.671e-01,1.462e-01,6.619e-01,8.145e-01,4.479e-01,4.492e-01,4.630e-02,3.987e-01,1.164e-01,4.672e-01,4.131e-01,-5.657e-01,-1.379e+00
-4.367e-01,-1.544e-02,4.779e-01,-3.606e-01,3.082e-01,7.288e-02,1.763e-01,-1.604e+00,-1.783e+00,-9.975e-01,-1.046e+00,4.321e-01,2.156e-01,2.173e-01,1.521e-01,-2.289e-01,5.116e-03,6.845e-01,6.726e-01,1.002e+00,2.594e+00,1.147e+00,4.406e-01,-2.003e-01,2.439e-01,2.007e-01,1.196e+00,1.667e+00,5.280e-01,1.270e-01,2.370e-01,7.586e-01,3.812e-01,2.880e-03,-2.537e-03,-8.156e-01,-1.791e+00
1.909e-01,3.073e-01,6.744e-01,-1.173e-01,-1.174e-01,4.779e-01,5.576e-01,-1.364e+00,-5.491e-01,-7.990e-01,-8.645e-01,6.210e-01,2.594e+00,7.404e-01,5.525e-01,-2.965e-01,-3.693e-01,9.951e-01,1.067e+00,2.486e-01,1.147e+00,2.594e+00,-1.540e-02,-8.872e-02,7.013e-03,-1.775e-01,1.371e-01,1.667e+00,1.258e-01,2.544e-01,-4.603e-02,1.640e-01,4.951e-02,6.415e-01,4.500e-01,1.641e-02,-7.921e-01
2.862e-01,9.085e-01,6.325e-01,-7.152e-02,1.387e+00,1.542e-01,6.382e-01,-1.257e+00,-9.688e-01,-4.079e-01,-1.591e-01,-2.082e-01,-2.990e-01,-3.928e-01,-5.790e-02,5.932e-01,6.575e-01,5.483e-01,-2.944e-01,8.464e-01,4.406e-01,-1.540e-02,2.594e+00,2.658e-01,8.281e-01,4.731e-01,8.477e-01,7.893e-01,2.594e+00,2.594e+00,4.731e-01,1.089e+00,1.002e+00,1.523e-01,6.858e-01,-9.617e-02,-1.422e+00
-4.506e-01,4.238e-01,1.909e-01,-1.649e-01,5.192e-01,-1.354e-01,3.523e-01,-1.473e+00,-9.091e-01,-9.430e-01,-5.762e-01,3.955e-01,-2.377e-01,-4.803e-01,-2.664e-01,9.684e-02,-5.814e-01,-1.935e-02,-4.771e-01,-1.702e-01,-2.003e-01,-8.872e-02,2.658e-01,2.594e+00,1.674e+00,1.302e+00,7.207e-01,9.116e-01,1.726e-01,-1.568e-03,6.689e-01,8.458e-01,1.020e+00,2.920e-01,5.253e-01,-7.148e-01,-1.952e+00
-6.984e-02,1.026e+00,5.631e-01,2.882e-01,1.146e+00,1.565e-01,9.366e-01,-1.952e+00,-9.369e-01,-6.872e-01,-4.523e-01,6.916e-02,-5.619e-01,-1.071e-01,1.611e-01,6.164e-01,-5.619e-01,3.775e-01,-6.192e-01,1.671e-01,2.439e-01,7.013e-03,8.281e-01,1.674e+00,2.594e+00,2.127e+00,1.398e+00,8.713e-01,6.195e-01,4.930e-01,1.334e+00,1.555e+00,1.774e+00,3.586e-01,1.153e+00,-5.404e-01,-1.952e+00
-3.102e-01,6.458e-01,2.419e-01,1.170e-01,7.502e-01,-1.128e-01,5.677e-01,-1.604e+00,-1.310e+00,-8.487e-01,-6.438e-01,2.022e-01,-6.363e-01,-2.278e-01,-1.088e-01,5.372e-01,-7.395e-01,7.999e-02,-8.867e-01,1.462e-01,2.007e-01,-1.775e-01,4.731e-01,1.302e+00,2.127e+00,2.594e+00,1.195e+00,9.211e-01,2.911e-01,1.807e-01,1.013e+00,1.267e+00,1.298e+00,2.388e-01,1.015e+00,-4.471e-01,-1.952e+00
1.523e-01,9.271e-01,8.828e-01,4.014e-01,1.186e+00,1.679e-01,8.477e-01,-1.333e+00,-1.870e+00,1.573e-01,2.213e-01,-1.214e-01,4.606e-01,-4.236e-02,-9.617e-02,6.906e-01,-4.683e-01,2.985e-01,-1.344e-01,6.619e-01,1.196e+00,1.371e-01,8.477e-01,7.207e-01,1.398e+00,1.195e+00,2.594e+00,1.679e+00,1.036e+00,5.637e-01,1.195e+00,1.760e+00,1.334e+00,4.734e-01,1.374e+00,-6.033e-01,-1.508e+00
-1.716e-02,1.210e+00,1.024e+00,3.868e-01,1.103e+00,5.301e-01,1.050e+00,-1.636e+00,-1.500e+00,-3.174e-01,-4.732e-01,1.156e+00,5.124e-01,4.929e-01,3.606e-01,5.804e-01,1.202e-01,9.881e-01,7.519e-01,8.145e-01,1.667e+00,1.667e+00,7.893e-01,9.116e-01,8.713e-01,9.211e-01,1.679e+00,2.594e+00,7.647e-01,7.267e-01,7.843e-01,1.097e+00,1.042e+00,1.063e+00,1.033e+00,-4.055e-01,-1.809e+00
3.197e-02,1.045e+00,1.012e+00,1.071e+00,1.106e+00,1.950e-01,1.164e+00,-1.547e+00,-1.673e+00,-9.495e-02,-2.552e-01,3.704e-01,-6.414e-01,1.912e-01,6.288e-01,8.731e-01,1.845e-02,8.153e-01,-9.865e-01,4.479e-01,5.280e-01,1.258e-01,2.594e+00,1.726e-01,6.195e-01,2.911e-01,1.036e+00,7.647e-01,2.594e+00,2.594e+00,2.911e-01,1.040e+00,9.458e-01,9.083e-01,9.758e-01,-2.884e-01,-1.422e+00
-2.545e-01,9.845e-01,1.204e+00,1.080e+00,8.153e-01,1.523e-01,1.232e+00,-1.315e+00,-1.673e+00,-3.304e-01,-2.626e-02,4.260e-01,-9.828e-01,2.531e-01,4.588e-01,7.341e-01,1.845e-02,1.172e+00,-1.493e+00,4.492e-01,1.270e-01,2.544e-01,2.594e+00,-1.568e-03,4.930e-01,1.807e-01,5.637e-01,7.267e-01,2.594e+00,2.594e+00,1.807e-01,1.366e+00,7.267e-01,8.696e-01,1.003e+00,-3.117e-01,-1.422e+00
-1.573e-02,1.145e+00,1.208e+00,2.093e-03,7.502e-01,8.915e-02,5.677e-01,-1.952e+00,-6.484e-01,-8.487e-01,-6.438e-01,1.247e-01,-4.982e-01,2.093e-03,-1.088e-01,2.883e-01,-4.982e-01,7.999e-02,-1.064e+00,4.630e-02,2.370e-01,-4.603e-02,4.731e-01,6.689e-01,1.334e+00,1.013e+00,1.195e+00,7.843e-01,2.911e-01,1.807e-01,2.594e+00,1.352e+00,1.419e+00,1.073e-01,7.568e-01,1.002e-01,-1.952e+00
1.270e-01,1.389e+00,7.789e-01,8.869e-01,1.596e+00,3.255e-01,1.168e+00,-1.675e+00,-1.573e+00,-9.495e-02,-1.827e-02,2.311e-01,-4.314e-01,2.102e-01,3.304e-01,9.746e-01,-4.314e-01,8.303e-01,-4.490e-01,3.987e-01,7.586e-01,1.640e-01,1.089e+00,8.458e-01,1.555e+00,1.267e+00,1.760e+00,1.097e+00,1.040e+00,1.366e+00,1.352e+00,2.594e+00,1.626e+00,5.980e-01,1.402e+00,-2.792e-01,-1.577e+00
4.791e-02,1.456e+00,7.205e-01,8.579e-01,1.340e+00,2.885e-01,1.117e+00,-1.952e+00,-1.308e+00,-5.861e-01,-3.584e-01,1.956e-01,-4.750e-01,8.300e-03,2.933e-01,8.618e-01,-4.750e-01,5.233e-01,-1.516e+00,1.164e-01,3.812e-01,4.951e-02,1.002e+00,1.020e+00,1.774e+00,1.298e+00,1.334e+00,1.042e+00,9.458e-01,7.267e-01,1.419e+00,1.626e+00,2.594e+00,4.370e-01,1.033e+00,-4.521e-01,-1.952e+00
-5.332e-01,6.654e-01,1.183e+00,4.204e-01,3.494e-01,1.379e-01,1.154e+00,-1.775e+00,-1.952e+00,-6.800e-01,-3.943e-01,5.846e-01,-8.555e-01,1.467e-01,7.083e-01,2.216e-01,-3.719e-01,1.339e+00,-9.886e-01,4.672e-01,2.880e-03,6.415e-01,1.523e-01,2.920e-01,3.586e-01,2.388e-01,4.734e-01,1.063e+00,9.083e-01,8.696e-01,1.073e-01,5.980e-01,4.370e-01,2.594e+00,9.123e-01,-3.229e-01,-1.870e+00
-1.662e-01,1.439e+00,1.304e+00,7.096e-01,1.457e+00,6.531e-01,1.161e+00,-1.952e+00,-9.091e-01,-5.805e-01,-2.445e-01,4.031e-01,-6.331e-01,1.977e-01,4.356e-01,9.722e-01,-5.345e-01,1.161e+00,-1.025e+00,4.131e-01,-2.537e-03,4.500e-01,6.858e-01,5.253e-01,1.153e+00,1.015e+00,1.374e+00,1.033e+00,9.758e-01,1.003e+00,7.568e-01,1.402e+00,1.033e+00,9.123e-01,2.594e+00,-3.448e-01,-1.952e+00
6.936e-03,-1.544e-02,-1.296e-01,-2.039e-02,-5.102e-01,-6.647e-02,7.958e-02,-1.952e+00,6.290e-01,-9.337e-01,-1.046e+00,-3.530e-02,-3.606e-01,4.351e-01,-3.282e-01,4.067e-01,-1.278e+00,-2.641e-01,-1.630e+00,-5.657e-01,-8.156e-01,1.641e-02,-9.617e-02,-7.148e-01,-5.404e-01,-4.471e-01,-6.033e-01,-4.055e-01,-2.884e-01,-3.117e-01,1.002e-01,-2.792e-01,-4.521e-01,-3.229e-01,-3.448e-01,2.594e+00,-1.547e+00
-1.333e+00,-1.448e+00,-1.503e+00,-1.701e+00,-1.893e+00,-1.134e+00,-1.782e+00,-1.952e+00,-1.952e+00,-1.897e+00,-1.952e+00,-1.718e+00,-1.345e+00,-1.110e+00,-1.176e+00,-1.506e+00,-1.806e+00,-1.318e+00,-1.577e+00,-1.379e+00,-1.791e+00,-7.921e-01,-1.422e+00,-1.952e+00,-1.952e+00,-1.952e+00,-1.508e+00,-1.809e+00,-1.422e+00,-1.422e+00,-1.952e+00,-1.577e+00,-1.952e+00,-1.870e+00,-1.952e+00,-1.547e+00,2.594e+00
