-1.720e+00,-3.479e-01,4.595e-01,5.255e-01,7.501e-01,-7.340e-02,-3.597e-02,-8.969e-01,-6.463e-01,-9.991e-01,-8.381e-01,-4.201e-01,-2.672e-01,-3.901e-01,-5.827e-01,2.300e-01,-7.340e-02,-7.340e-02,-4.852e-01,-4.201e-01,7.501e-01,7.501e-01,9.266e-01,-7.340e-02,-7.340e-02,-5.440e-01,5.255e-01,1.800e-01,7.501e-01,-6.910e-01,5.255e-01,-3.479e-01,7.501e-01,3.384e-01,5.255e-01,-3.479e-01,-8.381e-01
-3.479e-01,-1.720e+00,7.501e-01,-2.140e-01,-1.763e-01,-2.793e-01,2.827e-01,-8.381e-01,-5.975e-01,-1.092e-01,-4.852e-01,-2.381e-01,-5.975e-01,8.729e-02,4.425e-02,-4.772e-03,-3.667e-01,6.450e-01,-2.841e-01,-3.969e-01,-1.265e-01,-1.265e-01,4.425e-02,-2.951e-01,2.300e-01,-7.340e-02,1.329e-02,8.729e-02,1.800e-01,-7.340e-02,6.899e-01,4.595e-01,8.228e-01,-2.381e-01,4.595e-01,-5.153e-01,-1.146e+00
4.595e-01,7.501e-01,-1.720e+00,2.300e-01,-7.340e-02,4.967e-01,5.255e-01,-8.381e-01,-5.975e-01,-3.479e-01,-4.852e-01,5.957e-01,-1.763e-01,4.094e-01,6.325e-01,-1.763e-01,-3.479e-01,7.501e-01,7.501e-01,1.186e+00,5.957e-01,4.595e-01,4.279e-01,-7.340e-02,2.719e-01,-9.507e-02,7.501e-01,1.809e+00,9.266e-01,7.501e-01,4.279e-01,5.255e-01,5.671e-01,3.384e-01,1.087e+00,-3.479e-01,-1.419e+00
5.255e-01,-2.140e-01,2.300e-01,-1.720e+00,1.025e+00,-4.852e-01,4.425e-02,-1.103e+00,-1.763e-01,-1.012e+00,-8.381e-01,-3.479e-01,-1.763e-01,-1.763e-01,-2.672e-01,3.972e-01,4.425e-02,-3.479e-01,-1.008e+00,-3.479e-01,1.025e+00,1.025e+00,1.368e+00,4.425e-02,4.425e-02,-3.167e-01,7.501e-01,1.368e+00,1.985e+00,1.649e+00,7.501e-01,1.186e+00,2.397e+00,-1.763e-01,7.501e-01,-3.479e-01,-1.357e+00
7.501e-01,-1.763e-01,-7.340e-02,1.025e+00,-1.720e+00,-8.054e-01,7.501e-01,-1.463e+00,-4.852e-01,-4.852e-01,-3.479e-01,4.425e-02,-7.340e-02,-1.034e+00,-7.702e-01,7.501e-01,1.800e-01,-2.672e-01,-1.103e+00,1.668e-01,1.368e+00,1.368e+00,5.255e-01,1.800e-01,1.130e+00,-4.201e-01,1.025e+00,5.255e-01,1.368e+00,-4.852e-01,1.025e+00,-1.763e-01,1.368e+00,-1.763e-01,2.397e+00,-7.702e-01,-1.613e+00
-7.340e-02,-2.793e-01,4.967e-01,-4.852e-01,-8.054e-01,-1.720e+00,4.425e-02,-8.969e-01,-4.852e-01,-7.775e-01,-7.554e-01,-1.265e-01,9.615e-02,3.384e-01,1.096e-01,-5.767e-01,9.817e-01,1.800e-01,-7.340e-02,-4.852e-01,4.425e-02,4.425e-02,-2.672e-01,-5.624e-01,-2.672e-01,-5.094e-01,-4.673e-01,3.384e-01,1.325e-01,4.425e-02,-1.435e-01,-3.969e-01,-3.969e-01,-4.201e-01,4.425e-02,-2.841e-01,-1.081e+00
-3.597e-02,2.827e-01,5.255e-01,4.425e-02,7.501e-01,4.425e-02,-1.720e+00,-5.975e-01,-1.070e+00,-9.361e-01,-7.452e-01,4.425e-02,1.096e-01,-2.231e-01,2.300e-01,5.255e-01,2.560e-01,7.501e-01,-8.381e-01,7.501e-01,1.025e+00,1.130e+00,4.279e-01,-2.381e-01,7.501e-01,-1.192e-01,5.484e-01,7.501e-01,7.501e-01,5.255e-01,4.425e-02,8.353e-01,2.905e-01,1.025e+00,8.801e-01,-1.265e-01,-1.440e+00
-8.969e-01,-8.381e-01,-8.381e-01,-1.103e+00,-1.463e+00,-8.969e-01,-5.975e-01,-1.720e+00,-1.720e+00,-1.459e+00,-1.357e+00,-1.404e+00,-1.034e+00,-1.103e+00,-1.412e+00,-1.720e+00,-7.702e-01,-1.395e+00,-7.702e-01,-1.159e+00,-1.206e+00,-1.206e+00,-7.702e-01,-9.938e-01,-1.720e+00,-1.206e+00,-8.969e-01,-8.381e-01,-1.132e+00,-1.132e+00,-1.720e+00,-1.183e+00,-1.720e+00,-1.412e+00,-1.720e+00,-1.720e+00,-1.720e+00
-6.463e-01,-5.975e-01,-5.975e-01,-1.763e-01,-4.852e-01,-4.852e-01,-1.070e+00,-1.720e+00,-1.720e+00,-1.070e+00,-5.975e-01,-5.975e-01,-6.305e-01,-9.938e-01,-1.279e+00,2.560e-01,-1.226e+00,-1.346e+00,-1.419e+00,-1.566e+00,-1.294e+00,-6.305e-01,-8.969e-01,-8.381e-01,-4.426e-01,-1.087e+00,-1.440e+00,-1.132e+00,-1.070e+00,-1.070e+00,-5.975e-01,-1.034e+00,-1.183e+00,-1.720e+00,-8.381e-01,4.854e-01,-1.720e+00
-9.991e-01,-1.092e-01,-3.479e-01,-1.012e+00,-4.852e-01,-7.775e-01,-9.361e-01,-1.459e+00,-1.070e+00,-1.720e+00,-4.201e-01,-8.611e-01,-1.070e+00,-1.169e+00,-1.245e+00,-9.938e-01,-9.938e-01,-8.830e-01,-1.409e+00,-2.282e-01,-1.143e+00,-1.015e+00,-5.975e-01,-1.118e+00,-1.144e+00,-1.170e+00,-8.092e-01,-9.123e-01,-5.440e-01,-9.299e-01,-1.132e+00,-9.750e-01,-9.938e-01,-8.858e-01,-7.168e-01,-1.226e+00,-1.644e+00
-8.381e-01,-4.852e-01,-4.852e-01,-8.381e-01,-3.479e-01,-7.554e-01,-7.452e-01,-1.357e+00,-5.975e-01,-4.201e-01,-1.720e+00,-9.938e-01,-5.975e-01,-8.969e-01,-4.852e-01,-3.479e-01,-8.505e-01,-8.744e-01,-3.479e-01,-9.507e-02,-4.852e-01,-3.479e-01,4.595e-01,-7.702e-01,-9.484e-01,-1.025e+00,-8.969e-01,-7.702e-01,-6.910e-01,-6.910e-01,-7.702e-01,-6.765e-01,-8.969e-01,-8.685e-01,-7.702e-01,-8.586e-01,-1.720e+00
-4.201e-01,-2.381e-01,5.957e-01,-3.479e-01,4.425e-02,-1.265e-01,4.425e-02,-1.404e+00,-5.975e-01,-8.611e-01,-9.938e-01,-1.720e+00,7.859e-01,4.854e-01,1.809e+00,-6.910e-01,-4.852e-01,1.368e+00,1.097e+00,4.425e-02,7.501e-01,1.025e+00,-1.763e-01,-3.597e-02,-1.763e-01,4.425e-02,5.442e-01,1.025e+00,4.425e-02,-7.340e-02,4.425e-02,4.425e-02,-4.772e-03,1.800e-01,4.425e-02,-3.479e-01,-1.387e+00
-2.672e-01,-5.975e-01,-1.763e-01,-1.763e-01,-7.340e-02,9.615e-02,1.096e-01,-1.034e+00,-6.305e-01,-1.070e+00,-5.975e-01,7.859e-01,-1.720e+00,3.700e-01,1.985e+00,-4.852e-01,1.368e+00,6.411e-01,3.384e-01,1.649e+00,1.096e-01,4.456e+00,-3.479e-01,1.325e-01,1.325e-01,-2.951e-01,1.800e-01,3.772e-01,-7.340e-02,-9.484e-01,5.957e-01,-5.975e-01,-7.340e-02,-7.702e-01,-1.763e-01,-5.440e-01,-1.245e+00
-3.901e-01,8.729e-02,4.094e-01,-1.763e-01,-1.034e+00,3.384e-01,-2.231e-01,-1.103e+00,-9.938e-01,-1.169e+00,-8.969e-01,4.854e-01,3.700e-01,-1.720e+00,3.047e+00,-3.087e-01,-8.626e-01,1.649e+00,1.076e+00,-1.092e-01,6.899e-01,1.594e+00,-3.850e-01,-7.516e-01,-3.850e-01,-5.975e-01,2.648e-01,1.368e+00,-2.381e-01,-2.951e-01,-3.969e-01,-2.231e-01,-2.231e-01,-5.094e-01,-2.231e-01,-9.507e-02,-1.206e+00
-5.827e-01,4.425e-02,6.325e-01,-2.672e-01,-7.702e-01,1.096e-01,2.300e-01,-1.412e+00,-1.279e+00,-1.245e+00,-4.852e-01,1.809e+00,1.985e+00,3.047e+00,-1.720e+00,-3.850e-01,-1.092e-01,1.574e+00,6.223e-01,1.649e+00,4.279e-01,9.650e-01,4.425e-02,-1.265e-01,-1.660e-02,-3.479e-01,3.046e-01,7.501e-01,4.595e-01,3.384e-01,-7.340e-02,1.800e-01,2.560e-01,-1.763e-01,-2.381e-01,-4.852e-01,-9.484e-01
2.300e-01,-4.772e-03,-1.763e-01,3.972e-01,7.501e-01,-5.767e-01,5.255e-01,-1.720e+00,2.560e-01,-9.938e-01,-3.479e-01,-6.910e-01,-4.852e-01,-3.087e-01,-3.850e-01,-1.720e+00,-1.763e-01,-5.153e-01,-9.320e-01,-6.910e-01,-7.340e-02,-7.340e-02,3.384e-01,-3.777e-01,7.501e-01,-1.367e-01,-1.763e-01,3.384e-01,1.325e-01,4.425e-02,2.300e-01,9.266e-01,4.854e-01,-7.340e-02,4.854e-01,4.279e-01,-9.938e-01
-7.340e-02,-3.667e-01,-3.479e-01,4.425e-02,1.800e-01,9.817e-01,2.560e-01,-7.702e-01,-1.226e+00,-9.938e-01,-8.505e-01,-4.852e-01,1.368e+00,-8.626e-01,-1.092e-01,-1.763e-01,-1.720e+00,-1.763e-01,-1.763e-01,-1.763e-01,1.800e-01,1.800e-01,3.384e-01,3.384e-01,3.384e-01,-1.763e-01,4.425e-02,-1.763e-01,3.384e-01,3.384e-01,9.266e-01,-5.440e-01,1.800e-01,-6.305e-01,4.425e-02,-9.484e-01,-1.554e+00
-7.340e-02,6.450e-01,7.501e-01,-3.479e-01,-2.672e-01,1.800e-01,7.501e-01,-1.395e+00,-1.346e+00,-8.830e-01,-8.744e-01,1.368e+00,6.411e-01,1.649e+00,1.574e+00,-5.153e-01,-1.763e-01,-1.720e+00,1.147e+00,2.912e+00,1.025e+00,1.087e+00,3.384e-01,-4.852e-01,4.425e-02,-1.763e-01,5.255e-01,8.650e-01,7.501e-01,5.255e-01,-3.777e-01,-1.367e-01,-1.367e-01,1.025e+00,2.648e-01,-3.479e-01,-1.053e+00
-4.852e-01,-2.841e-01,7.501e-01,-1.008e+00,-1.103e+00,-7.340e-02,-8.381e-01,-7.702e-01,-1.419e+00,-1.409e+00,-3.479e-01,1.097e+00,3.384e-01,1.076e+00,6.223e-01,-9.320e-01,-1.763e-01,1.147e+00,-1.720e+00,-1.265e-01,9.266e-01,1.515e+00,-1.763e-01,-5.975e-01,-4.852e-01,-9.938e-01,6.634e-01,1.292e+00,-9.484e-01,-9.938e-01,-9.320e-01,-4.201e-01,-1.226e+00,-9.763e-01,-1.103e+00,-1.309e+00,-1.412e+00
-4.201e-01,-3.969e-01,1.186e+00,-3.479e-01,1.668e-01,-4.852e-01,7.501e-01,-1.159e+00,-1.566e+00,-2.282e-01,-9.507e-02,4.425e-02,1.649e+00,-1.092e-01,1.649e+00,-6.910e-01,-1.763e-01,2.912e+00,-1.265e-01,-1.720e+00,2.397e+00,7.501e-01,5.957e-01,-4.852e-01,-4.852e-01,-1.763e-01,5.255e-01,7.501e-01,7.501e-01,5.255e-01,-4.852e-01,-3.479e-01,-3.479e-01,1.025e+00,-3.479e-01,-6.463e-01,-1.334e+00
7.501e-01,-1.265e-01,5.957e-01,1.025e+00,1.368e+00,4.425e-02,1.025e+00,-1.206e+00,-1.294e+00,-1.143e+00,-4.852e-01,7.501e-01,1.096e-01,6.899e-01,4.279e-01,-7.340e-02,1.800e-01,1.025e+00,9.266e-01,2.397e+00,-1.720e+00,1.574e+00,1.368e+00,1.800e-01,1.800e-01,-4.201e-01,1.025e+00,2.539e+00,1.368e+00,7.501e-01,1.025e+00,4.094e-01,1.368e+00,1.368e+00,1.025e+00,-5.975e-01,-1.433e+00
7.501e-01,-1.265e-01,4.595e-01,1.025e+00,1.368e+00,4.425e-02,1.130e+00,-1.206e+00,-6.305e-01,-1.015e+00,-3.479e-01,1.025e+00,4.456e+00,1.594e+00,9.650e-01,-7.340e-02,1.800e-01,1.087e+00,1.515e+00,7.501e-01,1.574e+00,-1.720e+00,5.255e-01,1.800e-01,7.501e-01,-4.201e-01,1.025e+00,2.539e+00,1.368e+00,5.255e-01,1.025e+00,-1.763e-01,1.368e+00,1.025e+00,1.025e+00,-2.951e-01,-4.852e-01
9.266e-01,4.425e-02,4.279e-01,1.368e+00,5.255e-01,-2.672e-01,4.279e-01,-7.702e-01,-8.969e-01,-5.975e-01,4.595e-01,-1.763e-01,-3.479e-01,-3.850e-01,4.425e-02,3.384e-01,3.384e-01,3.384e-01,-1.763e-01,5.957e-01,1.368e+00,5.255e-01,-1.720e+00,-1.763e-01,3.384e-01,-1.265e-01,3.384e-01,9.266e-01,4.456e+00,4.456e+00,3.384e-01,6.325e-01,9.266e-01,1.130e+00,3.384e-01,-3.479e-01,-1.368e+00
-7.340e-02,-2.951e-01,-7.340e-02,4.425e-02,1.800e-01,-5.624e-01,-2.381e-01,-9.938e-01,-8.381e-01,-1.118e+00,-7.702e-01,-3.597e-02,1.325e-01,-7.516e-01,-1.265e-01,-3.777e-01,3.384e-01,-4.852e-01,-5.975e-01,-4.852e-01,1.800e-01,1.800e-01,-1.763e-01,-1.720e+00,2.397e+00,1.649e+00,9.266e-01,1.368e+00,1.800e-01,-4.599e-01,2.691e+00,7.501e-01,1.368e+00,-3.258e-01,4.425e-02,-8.054e-01,-1.720e+00
-7.340e-02,2.300e-01,2.719e-01,4.425e-02,1.130e+00,-2.672e-01,7.501e-01,-1.720e+00,-4.426e-01,-1.144e+00,-9.484e-01,-1.763e-01,1.325e-01,-3.850e-01,-1.660e-02,7.501e-01,3.384e-01,4.425e-02,-4.852e-01,-4.852e-01,1.800e-01,7.501e-01,3.384e-01,2.397e+00,-1.720e+00,3.100e+00,4.425e-02,5.957e-01,1.800e-01,-1.092e-01,2.691e+00,1.866e+00,2.809e+00,-4.201e-01,4.595e-01,-6.616e-01,-1.720e+00
-5.440e-01,-7.340e-02,-9.507e-02,-3.167e-01,-4.201e-01,-5.094e-01,-1.192e-01,-1.206e+00,-1.087e+00,-1.170e+00,-1.025e+00,4.425e-02,-2.951e-01,-5.975e-01,-3.479e-01,-1.367e-01,-1.763e-01,-1.763e-01,-9.938e-01,-1.763e-01,-4.201e-01,-4.201e-01,-1.265e-01,1.649e+00,3.100e+00,-1.720e+00,-3.087e-01,4.425e-02,-3.479e-01,-4.852e-01,1.649e+00,1.618e+00,1.952e+00,-5.975e-01,-5.114e-02,-5.440e-01,-1.720e+00
5.255e-01,1.329e-02,7.501e-01,7.501e-01,1.025e+00,-4.673e-01,5.484e-01,-8.969e-01,-1.440e+00,-8.092e-01,-8.969e-01,5.442e-01,1.800e-01,2.648e-01,3.046e-01,-1.763e-01,4.425e-02,5.255e-01,6.634e-01,5.255e-01,1.025e+00,1.025e+00,3.384e-01,9.266e-01,4.425e-02,-3.087e-01,-1.720e+00,1.929e+00,1.025e+00,3.384e-01,7.501e-01,2.560e-01,1.025e+00,7.501e-01,7.501e-01,-6.910e-01,-1.395e+00
1.800e-01,8.729e-02,1.809e+00,1.368e+00,5.255e-01,3.384e-01,7.501e-01,-8.381e-01,-1.132e+00,-9.123e-01,-7.702e-01,1.025e+00,3.772e-01,1.368e+00,7.501e-01,3.384e-01,-1.763e-01,8.650e-01,1.292e+00,7.501e-01,2.539e+00,2.539e+00,9.266e-01,1.368e+00,5.957e-01,4.425e-02,1.929e+00,-1.720e+00,1.985e+00,1.649e+00,1.368e+00,9.266e-01,9.266e-01,1.130e+00,1.025e+00,-2.381e-01,-1.426e+00
7.501e-01,1.800e-01,9.266e-01,1.985e+00,1.368e+00,1.325e-01,7.501e-01,-1.132e+00,-1.070e+00,-5.440e-01,-6.910e-01,4.425e-02,-7.340e-02,-2.381e-01,4.595e-01,1.325e-01,3.384e-01,7.501e-01,-9.484e-01,7.501e-01,1.368e+00,1.368e+00,4.456e+00,1.800e-01,1.800e-01,-3.479e-01,1.025e+00,1.985e+00,-1.720e+00,4.456e+00,1.025e+00,1.025e+00,2.912e+00,1.025e+00,1.025e+00,-6.463e-01,-1.368e+00
-6.910e-01,-7.340e-02,7.501e-01,1.649e+00,-4.852e-01,4.425e-02,5.255e-01,-1.132e+00,-1.070e+00,-9.299e-01,-6.910e-01,-7.340e-02,-9.484e-01,-2.951e-01,3.384e-01,4.425e-02,3.384e-01,5.255e-01,-9.938e-01,5.255e-01,7.501e-01,5.255e-01,4.456e+00,-4.599e-01,-1.092e-01,-4.852e-01,3.384e-01,1.649e+00,4.456e+00,-1.720e+00,-2.951e-01,8.801e-01,1.130e+00,1.130e+00,2.300e-01,-2.381e-01,-1.368e+00
5.255e-01,6.899e-01,4.279e-01,7.501e-01,1.025e+00,-1.435e-01,4.425e-02,-1.720e+00,-5.975e-01,-1.132e+00,-7.702e-01,4.425e-02,5.957e-01,-3.969e-01,-7.340e-02,2.300e-01,9.266e-01,-3.777e-01,-9.320e-01,-4.852e-01,1.025e+00,1.025e+00,3.384e-01,2.691e+00,2.691e+00,1.649e+00,7.501e-01,1.368e+00,1.025e+00,-2.951e-01,-1.720e+00,1.549e+00,2.397e+00,-3.479e-01,7.501e-01,-2.951e-01,-1.720e+00
-3.479e-01,4.595e-01,5.255e-01,1.186e+00,-1.763e-01,-3.969e-01,8.353e-01,-1.183e+00,-1.034e+00,-9.750e-01,-6.765e-01,4.425e-02,-5.975e-01,-2.231e-01,1.800e-01,9.266e-01,-5.440e-01,-1.367e-01,-4.201e-01,-3.479e-01,4.094e-01,-1.763e-01,6.325e-01,7.501e-01,1.866e+00,1.618e+00,2.560e-01,9.266e-01,1.025e+00,8.801e-01,1.549e+00,-1.720e+00,2.397e+00,-2.672e-01,1.025e+00,-5.624e-01,-1.412e+00
7.501e-01,8.228e-01,5.671e-01,2.397e+00,1.368e+00,-3.969e-01,2.905e-01,-1.720e+00,-1.183e+00,-9.938e-01,-8.969e-01,-4.772e-03,-7.340e-02,-2.231e-01,2.560e-01,4.854e-01,1.800e-01,-1.367e-01,-1.226e+00,-3.479e-01,1.368e+00,1.368e+00,9.266e-01,1.368e+00,2.809e+00,1.952e+00,1.025e+00,9.266e-01,2.912e+00,1.130e+00,2.397e+00,2.397e+00,-1.720e+00,-1.763e-01,1.025e+00,-5.250e-01,-1.720e+00
3.384e-01,-2.381e-01,3.384e-01,-1.763e-01,-1.763e-01,-4.201e-01,1.025e+00,-1.412e+00,-1.720e+00,-8.858e-01,-8.685e-01,1.800e-01,-7.702e-01,-5.094e-01,-1.763e-01,-7.340e-02,-6.305e-01,1.025e+00,-9.763e-01,1.025e+00,1.368e+00,1.025e+00,1.130e+00,-3.258e-01,-4.201e-01,-5.975e-01,7.501e-01,1.130e+00,1.025e+00,1.130e+00,-3.479e-01,-2.672e-01,-1.763e-01,-1.720e+00,3.046e-01,-5.975e-01,-1.511e+00
5.255e-01,4.595e-01,1.087e+00,7.501e-01,2.397e+00,4.425e-02,8.801e-01,-1.720e+00,-8.381e-01,-7.168e-01,-7.702e-01,4.425e-02,-1.763e-01,-2.231e-01,-2.381e-01,4.854e-01,4.425e-02,2.648e-01,-1.103e+00,-3.479e-01,1.025e+00,1.025e+00,3.384e-01,4.425e-02,4.595e-01,-5.114e-02,7.501e-01,1.025e+00,1.025e+00,2.300e-01,7.501e-01,1.025e+00,1.025e+00,3.046e-01,-1.720e+00,-5.250e-01,-1.720e+00
-3.479e-01,-5.153e-01,-3.479e-01,-3.479e-01,-7.702e-01,-2.841e-01,-1.265e-01,-1.720e+00,4.854e-01,-1.226e+00,-8.586e-01,-3.479e-01,-5.440e-01,-9.507e-02,-4.852e-01,4.279e-01,-9.484e-01,-3.479e-01,-1.309e+00,-6.463e-01,-5.975e-01,-2.951e-01,-3.479e-01,-8.054e-01,-6.616e-01,-5.440e-01,-6.910e-01,-2.381e-01,-6.463e-01,-2.381e-01,-2.951e-01,-5.624e-01,-5.250e-01,-5.975e-01,-5.250e-01,-1.720e+00,-1.245e+00
-8.381e-01,-1.146e+00,-1.419e+00,-1.357e+00,-1.613e+00,-1.081e+00,-1.440e+00,-1.720e+00,-1.720e+00,-1.644e+00,-1.720e+00,-1.387e+00,-1.245e+00,-1.206e+00,-9.484e-01,-9.938e-01,-1.554e+00,-1.053e+00,-1.412e+00,-1.334e+00,-1.433e+00,-4.852e-01,-1.368e+00,-1.720e+00,-1.720e+00,-1.720e+00,-1.395e+00,-1.426e+00,-1.368e+00,-1.368e+00,-1.720e+00,-1.412e+00,-1.720e+00,-1.511e+00,-1.720e+00,-1.245e+00,-1.720e+00
