0.000e+00,2.222e-01,3.529e-01,3.636e-01,4.000e-01,2.667e-01,2.727e-01,1.333e-01,1.739e-01,1.168e-01,1.429e-01,2.105e-01,2.353e-01,2.154e-01,1.842e-01,3.158e-01,2.667e-01,2.667e-01,2.000e-01,2.105e-01,4.000e-01,4.000e-01,4.286e-01,2.667e-01,2.667e-01,1.905e-01,3.636e-01,3.077e-01,4.000e-01,1.667e-01,3.636e-01,2.222e-01,4.000e-01,3.333e-01,3.636e-01,2.222e-01,1.429e-01
2.222e-01,0.000e+00,4.000e-01,2.439e-01,2.500e-01,2.333e-01,3.243e-01,1.429e-01,1.818e-01,2.609e-01,2.000e-01,2.400e-01,1.818e-01,2.927e-01,2.857e-01,2.778e-01,2.192e-01,3.830e-01,2.326e-01,2.143e-01,2.581e-01,2.581e-01,2.857e-01,2.308e-01,3.158e-01,2.667e-01,2.807e-01,2.927e-01,3.077e-01,2.667e-01,3.902e-01,3.529e-01,4.118e-01,2.400e-01,3.529e-01,1.951e-01,9.302e-02
3.529e-01,4.000e-01,0.000e+00,3.158e-01,2.667e-01,3.590e-01,3.636e-01,1.429e-01,1.818e-01,2.222e-01,2.000e-01,3.750e-01,2.500e-01,3.448e-01,3.810e-01,2.500e-01,2.222e-01,4.000e-01,4.000e-01,4.706e-01,3.750e-01,3.529e-01,3.478e-01,2.667e-01,3.226e-01,2.632e-01,4.000e-01,5.714e-01,4.286e-01,4.000e-01,3.478e-01,3.636e-01,3.704e-01,3.333e-01,4.545e-01,2.222e-01,4.878e-02
3.636e-01,2.439e-01,3.158e-01,0.000e+00,4.444e-01,2.000e-01,2.857e-01,1.000e-01,2.500e-01,1.148e-01,1.429e-01,2.222e-01,2.500e-01,2.500e-01,2.353e-01,3.429e-01,2.857e-01,2.222e-01,1.154e-01,2.222e-01,4.444e-01,4.444e-01,5.000e-01,2.857e-01,2.857e-01,2.273e-01,4.000e-01,5.000e-01,6.000e-01,5.455e-01,4.000e-01,4.706e-01,6.667e-01,2.500e-01,4.000e-01,2.222e-01,5.882e-02
4.000e-01,2.500e-01,2.667e-01,4.444e-01,0.000e+00,1.481e-01,4.000e-01,4.167e-02,2.000e-01,2.000e-01,2.222e-01,2.857e-01,2.667e-01,1.111e-01,1.538e-01,4.000e-01,3.077e-01,2.353e-01,1.000e-01,3.056e-01,5.000e-01,5.000e-01,3.636e-01,3.077e-01,4.615e-01,2.105e-01,4.444e-01,3.636e-01,5.000e-01,2.000e-01,4.444e-01,2.500e-01,5.000e-01,2.500e-01,6.667e-01,1.538e-01,1.739e-02
2.667e-01,2.333e-01,3.590e-01,2.000e-01,1.481e-01,0.000e+00,2.857e-01,1.333e-01,2.000e-01,1.527e-01,1.562e-01,2.581e-01,2.941e-01,3.333e-01,2.963e-01,1.852e-01,4.375e-01,3.077e-01,2.667e-01,2.000e-01,2.857e-01,2.857e-01,2.353e-01,1.875e-01,2.353e-01,1.961e-01,2.029e-01,3.333e-01,3.000e-01,2.857e-01,2.553e-01,2.143e-01,2.143e-01,2.105e-01,2.857e-01,2.326e-01,1.034e-01
2.727e-01,3.243e-01,3.636e-01,2.857e-01,4.000e-01,2.857e-01,0.000e+00,1.818e-01,1.053e-01,1.270e-01,1.579e-01,2.857e-01,2.963e-01,2.424e-01,3.158e-01,3.636e-01,3.200e-01,4.000e-01,1.429e-01,4.000e-01,4.444e-01,4.615e-01,3.478e-01,2.400e-01,4.000e-01,2.593e-01,3.673e-01,4.000e-01,4.000e-01,3.636e-01,2.857e-01,4.138e-01,3.256e-01,4.444e-01,4.211e-01,2.581e-01,4.545e-02
1.333e-01,1.429e-01,1.429e-01,1.000e-01,4.167e-02,1.333e-01,1.818e-01,0.000e+00,0.000e+00,4.225e-02,5.882e-02,5.128e-02,1.111e-01,1.000e-01,5.000e-02,0.000e+00,1.538e-01,5.263e-02,1.538e-01,9.091e-02,8.333e-02,8.333e-02,1.538e-01,1.176e-01,0.000e+00,8.333e-02,1.333e-01,1.429e-01,9.524e-02,9.524e-02,0.000e+00,8.696e-02,0.000e+00,5.000e-02,0.000e+00,0.000e+00,0.000e+00
1.739e-01,1.818e-01,1.818e-01,2.500e-01,2.000e-01,2.000e-01,1.053e-01,0.000e+00,0.000e+00,1.053e-01,1.818e-01,1.818e-01,1.765e-01,1.176e-01,7.143e-02,3.200e-01,8.000e-02,6.061e-02,4.878e-02,2.500e-02,6.897e-02,1.765e-01,1.333e-01,1.429e-01,2.069e-01,1.026e-01,4.545e-02,9.524e-02,1.053e-01,1.053e-01,1.818e-01,1.111e-01,8.696e-02,0.000e+00,1.429e-01,3.571e-01,0.000e+00
1.168e-01,2.609e-01,2.222e-01,1.148e-01,2.000e-01,1.527e-01,1.270e-01,4.225e-02,1.053e-01,0.000e+00,2.105e-01,1.391e-01,1.053e-01,8.929e-02,7.692e-02,1.176e-01,1.176e-01,1.356e-01,5.042e-02,2.416e-01,9.346e-02,1.143e-01,1.818e-01,9.756e-02,9.333e-02,8.917e-02,1.475e-01,1.308e-01,1.905e-01,1.280e-01,9.524e-02,1.207e-01,1.176e-01,1.351e-01,1.625e-01,8.000e-02,1.242e-02
1.429e-01,2.000e-01,2.000e-01,1.429e-01,2.222e-01,1.562e-01,1.579e-01,5.882e-02,1.818e-01,2.105e-01,0.000e+00,1.176e-01,1.818e-01,1.333e-01,2.000e-01,2.222e-01,1.408e-01,1.370e-01,2.222e-01,2.632e-01,2.000e-01,2.222e-01,3.529e-01,1.538e-01,1.250e-01,1.127e-01,1.333e-01,1.538e-01,1.667e-01,1.667e-01,1.538e-01,1.690e-01,1.333e-01,1.379e-01,1.538e-01,1.395e-01,0.000e+00
2.105e-01,2.400e-01,3.750e-01,2.222e-01,2.857e-01,2.581e-01,2.857e-01,5.128e-02,1.818e-01,1.391e-01,1.176e-01,0.000e+00,4.058e-01,3.571e-01,5.714e-01,1.667e-01,2.000e-01,5.000e-01,4.561e-01,2.857e-01,4.000e-01,4.444e-01,2.500e-01,2.727e-01,2.500e-01,2.857e-01,3.667e-01,4.444e-01,2.857e-01,2.667e-01,2.857e-01,2.857e-01,2.778e-01,3.077e-01,2.857e-01,2.222e-01,5.405e-02
2.353e-01,1.818e-01,2.500e-01,2.500e-01,2.667e-01,2.941e-01,2.963e-01,1.111e-01,1.765e-01,1.053e-01,1.818e-01,4.058e-01,0.000e+00,3.385e-01,6.000e-01,2.000e-01,5.000e-01,3.824e-01,3.333e-01,5.455e-01,2.963e-01,1.000e+00,2.222e-01,3.000e-01,3.000e-01,2.308e-01,3.077e-01,3.396e-01,2.667e-01,1.250e-01,3.750e-01,1.818e-01,2.667e-01,1.538e-01,2.500e-01,1.905e-01,7.692e-02
2.154e-01,2.927e-01,3.448e-01,2.500e-01,1.111e-01,3.333e-01,2.424e-01,1.000e-01,1.176e-01,8.929e-02,1.333e-01,3.571e-01,3.385e-01,0.000e+00,7.719e-01,2.286e-01,1.389e-01,5.455e-01,4.528e-01,2.609e-01,3.902e-01,5.366e-01,2.162e-01,1.569e-01,2.162e-01,1.818e-01,3.214e-01,5.000e-01,2.400e-01,2.308e-01,2.143e-01,2.424e-01,2.424e-01,1.961e-01,2.424e-01,2.632e-01,8.333e-02
1.842e-01,2.857e-01,3.810e-01,2.353e-01,1.538e-01,2.963e-01,3.158e-01,5.000e-02,7.143e-02,7.692e-02,2.000e-01,5.714e-01,6.000e-01,7.719e-01,0.000e+00,2.162e-01,2.609e-01,5.333e-01,3.793e-01,5.455e-01,3.478e-01,4.348e-01,2.857e-01,2.581e-01,2.759e-01,2.222e-01,3.279e-01,4.000e-01,3.529e-01,3.333e-01,2.667e-01,3.077e-01,3.200e-01,2.500e-01,2.400e-01,2.000e-01,1.250e-01
3.158e-01,2.778e-01,2.500e-01,3.429e-01,4.000e-01,1.852e-01,3.636e-01,0.000e+00,3.200e-01,1.176e-01,2.222e-01,1.667e-01,2.000e-01,2.286e-01,2.162e-01,0.000e+00,2.500e-01,1.951e-01,1.277e-01,1.667e-01,2.667e-01,2.667e-01,3.333e-01,2.174e-01,4.000e-01,2.564e-01,2.500e-01,3.333e-01,3.000e-01,2.857e-01,3.158e-01,4.286e-01,3.571e-01,2.667e-01,3.571e-01,3.478e-01,1.176e-01
2.667e-01,2.192e-01,2.222e-01,2.857e-01,3.077e-01,4.375e-01,3.200e-01,1.538e-01,8.000e-02,1.176e-01,1.408e-01,2.000e-01,5.000e-01,1.389e-01,2.609e-01,2.500e-01,0.000e+00,2.500e-01,2.500e-01,2.500e-01,3.077e-01,3.077e-01,3.333e-01,3.333e-01,3.333e-01,2.500e-01,2.857e-01,2.500e-01,3.333e-01,3.333e-01,4.286e-01,1.905e-01,3.077e-01,1.765e-01,2.857e-01,1.250e-01,2.703e-02
2.667e-01,3.830e-01,4.000e-01,2.222e-01,2.353e-01,3.077e-01,4.000e-01,5.263e-02,6.061e-02,1.356e-01,1.370e-01,5.000e-01,3.824e-01,5.455e-01,5.333e-01,1.951e-01,2.500e-01,0.000e+00,4.643e-01,7.500e-01,4.444e-01,4.545e-01,3.333e-01,2.000e-01,2.857e-01,2.500e-01,3.636e-01,4.186e-01,4.000e-01,3.636e-01,2.174e-01,2.564e-01,2.564e-01,4.444e-01,3.214e-01,2.222e-01,1.081e-01
2.000e-01,2.326e-01,4.000e-01,1.154e-01,1.000e-01,2.667e-01,1.429e-01,1.538e-01,4.878e-02,5.042e-02,2.222e-01,4.561e-01,3.333e-01,4.528e-01,3.793e-01,1.277e-01,2.500e-01,4.643e-01,0.000e+00,2.581e-01,4.286e-01,5.238e-01,2.500e-01,1.818e-01,2.000e-01,1.176e-01,3.860e-01,4.878e-01,1.250e-01,1.176e-01,1.277e-01,2.105e-01,8.000e-02,1.205e-01,1.000e-01,6.667e-02,5.000e-02
2.105e-01,2.143e-01,4.706e-01,2.222e-01,3.056e-01,2.000e-01,4.000e-01,9.091e-02,2.500e-02,2.416e-01,2.632e-01,2.857e-01,5.455e-01,2.609e-01,5.455e-01,1.667e-01,2.500e-01,7.500e-01,2.581e-01,0.000e+00,6.667e-01,4.000e-01,3.750e-01,2.000e-01,2.000e-01,2.500e-01,3.636e-01,4.000e-01,4.000e-01,3.636e-01,2.000e-01,2.222e-01,2.222e-01,4.444e-01,2.222e-01,1.739e-01,6.250e-02
4.000e-01,2.581e-01,3.750e-01,4.444e-01,5.000e-01,2.857e-01,4.444e-01,8.333e-02,6.897e-02,9.346e-02,2.000e-01,4.000e-01,2.963e-01,3.902e-01,3.478e-01,2.667e-01,3.077e-01,4.444e-01,4.286e-01,6.667e-01,0.000e+00,5.333e-01,5.000e-01,3.077e-01,3.077e-01,2.105e-01,4.444e-01,6.897e-01,5.000e-01,4.000e-01,4.444e-01,3.448e-01,5.000e-01,5.000e-01,4.444e-01,1.818e-01,4.651e-02
4.000e-01,2.581e-01,3.529e-01,4.444e-01,5.000e-01,2.857e-01,4.615e-01,8.333e-02,1.765e-01,1.143e-01,2.222e-01,4.444e-01,1.000e+00,5.366e-01,4.348e-01,2.667e-01,3.077e-01,4.545e-01,5.238e-01,4.000e-01,5.333e-01,0.000e+00,3.636e-01,3.077e-01,4.000e-01,2.105e-01,4.444e-01,6.897e-01,5.000e-01,3.636e-01,4.444e-01,2.500e-01,5.000e-01,4.444e-01,4.444e-01,2.308e-01,2.000e-01
4.286e-01,2.857e-01,3.478e-01,5.000e-01,3.636e-01,2.353e-01,3.478e-01,1.538e-01,1.333e-01,1.818e-01,3.529e-01,2.500e-01,2.222e-01,2.162e-01,2.857e-01,3.333e-01,3.333e-01,3.333e-01,2.500e-01,3.750e-01,5.000e-01,3.636e-01,0.000e+00,2.500e-01,3.333e-01,2.581e-01,3.333e-01,4.286e-01,1.000e+00,1.000e+00,3.333e-01,3.810e-01,4.286e-01,4.615e-01,3.333e-01,2.222e-01,5.714e-02
2.667e-01,2.308e-01,2.667e-01,2.857e-01,3.077e-01,1.875e-01,2.400e-01,1.176e-01,1.429e-01,9.756e-02,1.538e-01,2.727e-01,3.000e-01,1.569e-01,2.581e-01,2.174e-01,3.333e-01,2.000e-01,1.818e-01,2.000e-01,3.077e-01,3.077e-01,2.500e-01,0.000e+00,6.667e-01,5.455e-01,4.286e-01,5.000e-01,3.077e-01,2.041e-01,7.143e-01,4.000e-01,5.000e-01,2.258e-01,2.857e-01,1.481e-01,0.000e+00
2.667e-01,3.158e-01,3.226e-01,2.857e-01,4.615e-01,2.353e-01,4.000e-01,0.000e+00,2.069e-01,9.333e-02,1.250e-01,2.500e-01,3.000e-01,2.162e-01,2.759e-01,4.000e-01,3.333e-01,2.857e-01,2.000e-01,2.000e-01,3.077e-01,4.000e-01,3.333e-01,6.667e-01,0.000e+00,7.805e-01,2.857e-01,3.750e-01,3.077e-01,2.609e-01,7.143e-01,5.806e-01,7.333e-01,2.105e-01,3.529e-01,1.714e-01,0.000e+00
1.905e-01,2.667e-01,2.632e-01,2.273e-01,2.105e-01,1.961e-01,2.593e-01,8.333e-02,1.026e-01,8.917e-02,1.127e-01,2.857e-01,2.308e-01,1.818e-01,2.222e-01,2.564e-01,2.500e-01,2.500e-01,1.176e-01,2.500e-01,2.105e-01,2.105e-01,2.581e-01,5.455e-01,7.805e-01,0.000e+00,2.286e-01,2.857e-01,2.222e-01,2.000e-01,5.455e-01,5.405e-01,5.946e-01,1.818e-01,2.703e-01,1.905e-01,0.000e+00
3.636e-01,2.807e-01,4.000e-01,4.000e-01,4.444e-01,2.029e-01,3.673e-01,1.333e-01,4.545e-02,1.475e-01,1.333e-01,3.667e-01,3.077e-01,3.214e-01,3.279e-01,2.500e-01,2.857e-01,3.636e-01,3.860e-01,3.636e-01,4.444e-01,4.444e-01,3.333e-01,4.286e-01,2.857e-01,2.286e-01,0.000e+00,5.909e-01,4.444e-01,3.333e-01,4.000e-01,3.200e-01,4.444e-01,4.000e-01,4.000e-01,1.667e-01,5.263e-02
3.077e-01,2.927e-01,5.714e-01,5.000e-01,3.636e-01,3.333e-01,4.000e-01,1.429e-01,9.524e-02,1.308e-01,1.538e-01,4.444e-01,3.396e-01,5.000e-01,4.000e-01,3.333e-01,2.500e-01,4.186e-01,4.878e-01,4.000e-01,6.897e-01,6.897e-01,4.286e-01,5.000e-01,3.750e-01,2.857e-01,5.909e-01,0.000e+00,6.000e-01,5.455e-01,5.000e-01,4.286e-01,4.286e-01,4.615e-01,4.444e-01,2.400e-01,4.762e-02
4.000e-01,3.077e-01,4.286e-01,6.000e-01,5.000e-01,3.000e-01,4.000e-01,9.524e-02,1.053e-01,1.905e-01,1.667e-01,2.857e-01,2.667e-01,2.400e-01,3.529e-01,3.000e-01,3.333e-01,4.000e-01,1.250e-01,4.000e-01,5.000e-01,5.000e-01,1.000e+00,3.077e-01,3.077e-01,2.222e-01,4.444e-01,6.000e-01,0.000e+00,1.000e+00,4.444e-01,4.444e-01,7.500e-01,4.444e-01,4.444e-01,1.739e-01,5.714e-02
1.667e-01,2.667e-01,4.000e-01,5.455e-01,2.000e-01,2.857e-01,3.636e-01,9.524e-02,1.053e-01,1.280e-01,1.667e-01,2.667e-01,1.250e-01,2.308e-01,3.333e-01,2.857e-01,3.333e-01,3.636e-01,1.176e-01,3.636e-01,4.000e-01,3.636e-01,1.000e+00,2.041e-01,2.609e-01,2.000e-01,3.333e-01,5.455e-01,1.000e+00,0.000e+00,2.308e-01,4.211e-01,4.615e-01,4.615e-01,3.158e-01,2.400e-01,5.714e-02
3.636e-01,3.902e-01,3.478e-01,4.000e-01,4.444e-01,2.553e-01,2.857e-01,0.000e+00,1.818e-01,9.524e-02,1.538e-01,2.857e-01,3.750e-01,2.143e-01,2.667e-01,3.158e-01,4.286e-01,2.174e-01,1.277e-01,2.000e-01,4.444e-01,4.444e-01,3.333e-01,7.143e-01,7.143e-01,5.455e-01,4.000e-01,5.000e-01,4.444e-01,2.308e-01,0.000e+00,5.294e-01,6.667e-01,2.222e-01,4.000e-01,2.308e-01,0.000e+00
2.222e-01,3.529e-01,3.636e-01,4.706e-01,2.500e-01,2.143e-01,4.138e-01,8.696e-02,1.111e-01,1.207e-01,1.690e-01,2.857e-01,1.818e-01,2.424e-01,3.077e-01,4.286e-01,1.905e-01,2.564e-01,2.105e-01,2.222e-01,3.448e-01,2.500e-01,3.810e-01,4.000e-01,5.806e-01,5.405e-01,3.200e-01,4.286e-01,4.444e-01,4.211e-01,5.294e-01,0.000e+00,6.667e-01,2.353e-01,4.444e-01,1.875e-01,5.000e-02
4.000e-01,4.118e-01,3.704e-01,6.667e-01,5.000e-01,2.143e-01,3.256e-01,0.000e+00,8.696e-02,1.176e-01,1.333e-01,2.778e-01,2.667e-01,2.424e-01,3.200e-01,3.571e-01,3.077e-01,2.564e-01,8.000e-02,2.222e-01,5.000e-01,5.000e-01,4.286e-01,5.000e-01,7.333e-01,5.946e-01,4.444e-01,4.286e-01,7.500e-01,4.615e-01,6.667e-01,6.667e-01,0.000e+00,2.500e-01,4.444e-01,1.935e-01,0.000e+00
3.333e-01,2.400e-01,3.333e-01,2.500e-01,2.500e-01,2.105e-01,4.444e-01,5.000e-02,0.000e+00,1.351e-01,1.379e-01,3.077e-01,1.538e-01,1.961e-01,2.500e-01,2.667e-01,1.765e-01,4.444e-01,1.205e-01,4.444e-01,5.000e-01,4.444e-01,4.615e-01,2.258e-01,2.105e-01,1.818e-01,4.000e-01,4.615e-01,4.444e-01,4.615e-01,2.222e-01,2.353e-01,2.500e-01,0.000e+00,3.279e-01,1.818e-01,3.390e-02
3.636e-01,3.529e-01,4.545e-01,4.000e-01,6.667e-01,2.857e-01,4.211e-01,0.000e+00,1.429e-01,1.625e-01,1.538e-01,2.857e-01,2.500e-01,2.424e-01,2.400e-01,3.571e-01,2.857e-01,3.214e-01,1.000e-01,2.222e-01,4.444e-01,4.444e-01,3.333e-01,2.857e-01,3.529e-01,2.703e-01,4.000e-01,4.444e-01,4.444e-01,3.158e-01,4.000e-01,4.444e-01,4.444e-01,3.279e-01,0.000e+00,1.935e-01,0.000e+00
2.222e-01,1.951e-01,2.222e-01,2.222e-01,1.538e-01,2.326e-01,2.581e-01,0.000e+00,3.571e-01,8.000e-02,1.395e-01,2.222e-01,1.905e-01,2.632e-01,2.000e-01,3.478e-01,1.250e-01,2.222e-01,6.667e-02,1.739e-01,1.818e-01,2.308e-01,2.222e-01,1.481e-01,1.714e-01,1.905e-01,1.667e-01,2.400e-01,1.739e-01,2.400e-01,2.308e-01,1.875e-01,1.935e-01,1.818e-01,1.935e-01,0.000e+00,7.692e-02
1.429e-01,9.302e-02,4.878e-02,5.882e-02,1.739e-02,1.034e-01,4.545e-02,0.000e+00,0.000e+00,1.242e-02,0.000e+00,5.405e-02,7.692e-02,8.333e-02,1.250e-01,1.176e-01,2.703e-02,1.081e-01,5.000e-02,6.250e-02,4.651e-02,2.000e-01,5.714e-02,0.000e+00,0.000e+00,0.000e+00,5.263e-02,4.762e-02,5.714e-02,5.714e-02,0.000e+00,5.000e-02,0.000e+00,3.390e-02,0.000e+00,7.692e-02,0.000e+00
