-3.409e+00,-4.410e-01,6.053e-01,5.012e-02,-3.983e-01,7.859e-02,-1.420e-01,-6.830e-01,-5.549e-01,4.914e-01,-8.965e-01,3.589e-02,-3.413e-01,-1.207e-01,-4.267e-01,-3.057e-01,4.300e-02,2.992e-04,-5.549e-01,-7.087e-02,-2.105e-02,-2.488e-01,6.551e-01,-2.346e-01,-4.241e-02,-7.043e-01,6.907e-01,9.994e-02,3.589e-02,-1.776e-01,-2.986e-01,-3.529e-02,-1.563e-01,-1.420e-01,9.994e-02,-4.054e-01,-1.352e+00
-4.410e-01,-3.409e+00,1.089e+00,-1.394e-02,4.487e-01,-4.952e-02,4.487e-01,-1.373e+00,-1.537e+00,-1.776e-01,-3.556e-01,1.426e-01,-3.983e-01,2.708e-01,-1.065e-01,-3.200e-01,-3.529e-02,9.042e-01,-1.990e-01,-1.349e-01,7.417e-03,4.300e-02,1.355e-01,-7.799e-02,6.337e-01,6.764e-01,2.067e-01,7.147e-02,5.341e-01,4.772e-01,1.089e+00,9.042e-01,9.256e-01,7.417e-03,1.089e+00,-1.420e-01,-1.067e+00
6.053e-01,1.089e+00,-3.409e+00,2.877e-02,1.142e-01,8.188e-01,6.195e-01,-1.046e+00,-6.260e-01,7.859e-02,-2.844e-01,9.398e-01,5.768e-01,3.348e-01,5.270e-01,4.060e-01,-7.799e-02,6.693e-01,3.135e-01,5.724e-02,2.209e-01,5.626e-01,4.202e-01,3.589e-02,4.843e-01,4.416e-01,4.273e-01,6.764e-01,4.985e-01,3.491e-01,1.118e+00,6.337e-01,5.056e-01,1.640e-01,1.011e+00,4.416e-01,-7.470e-01
5.012e-02,-1.394e-02,2.877e-02,-3.409e+00,-6.376e-02,3.562e-01,-1.278e-01,-1.252e+00,-3.840e-01,8.571e-02,-6.331e-01,2.423e-01,-1.705e-01,1.213e-01,-7.087e-02,2.708e-01,-3.129e-01,-3.413e-01,-4.267e-01,-1.705e-01,-6.830e-01,-5.406e-01,-3.529e-02,2.494e-01,3.589e-02,1.782e-01,-3.413e-01,2.992e-04,-1.278e-01,2.067e-01,-1.420e-01,3.491e-01,6.266e-01,6.436e-02,8.829e-01,3.277e-01,-8.040e-01
-3.983e-01,4.487e-01,1.142e-01,-6.376e-02,-3.409e+00,-3.698e-01,8.544e-01,-1.459e+00,-6.189e-01,1.213e-01,-6.616e-01,-2.105e-02,-4.766e-01,-2.702e-01,1.782e-01,1.239e+00,-6.047e-01,-2.986e-01,-1.195e+00,3.633e-01,-4.241e-02,-3.627e-01,2.779e-01,-1.492e-01,5.270e-01,-1.278e-01,3.589e-02,1.213e-01,-3.912e-01,-2.817e-02,5.412e-01,1.453e-02,4.345e-01,-2.844e-01,2.399e+00,-6.376e-02,-1.665e+00
7.859e-02,-4.952e-02,8.188e-01,3.562e-01,-3.698e-01,-3.409e+00,2.352e-01,-3.200e-01,-4.623e-01,1.061e+00,-1.990e-01,4.060e-01,6.622e-01,5.768e-01,5.199e-01,-4.766e-01,7.263e-01,9.184e-01,7.147e-02,3.775e-01,-1.065e-01,-1.278e-01,2.138e-01,-7.087e-02,1.284e-01,-1.420e-01,5.012e-02,4.131e-01,-2.817e-02,-2.817e-02,2.494e-01,3.589e-02,-1.278e-01,4.914e-01,8.046e-01,-6.818e-03,-7.541e-01
-1.420e-01,4.487e-01,6.195e-01,-1.278e-01,8.544e-01,2.352e-01,-3.409e+00,-9.748e-01,-9.392e-01,-5.406e-01,-4.125e-01,1.782e-01,-4.241e-02,2.209e-01,5.555e-01,1.854e-01,-1.394e-02,6.337e-01,-4.339e-01,3.633e-01,-3.627e-01,7.417e-03,4.131e-01,1.569e-01,5.982e-01,5.012e-02,6.907e-01,6.480e-01,6.764e-01,2.352e-01,2.636e-01,6.978e-01,5.626e-01,7.832e-01,1.666e+00,1.453e-02,-8.396e-01
-6.830e-01,-1.373e+00,-1.046e+00,-1.252e+00,-1.459e+00,-3.200e-01,-9.748e-01,-3.409e+00,-2.128e+00,-1.793e+00,-1.743e+00,-1.815e+00,-1.252e+00,-1.238e+00,-1.651e+00,-1.843e+00,-1.658e+00,-1.566e+00,-1.544e+00,-1.459e+00,-1.259e+00,-1.416e+00,-1.046e+00,-9.250e-01,-1.487e+00,-1.480e+00,-5.976e-01,-1.338e+00,-1.210e+00,-1.288e+00,-1.921e+00,-1.188e+00,-1.445e+00,-1.779e+00,-1.395e+00,-1.985e+00,-2.277e+00
-5.549e-01,-1.537e+00,-6.260e-01,-3.840e-01,-6.189e-01,-4.623e-01,-9.392e-01,-2.128e+00,-3.409e+00,-1.017e+00,-1.366e+00,-6.189e-01,-9.250e-01,-1.331e+00,-1.452e+00,6.978e-01,-1.124e+00,-1.281e+00,-1.786e+00,-1.587e+00,-1.423e+00,-7.257e-01,-9.534e-01,-8.040e-01,-5.620e-01,-1.267e+00,-1.480e+00,-1.274e+00,-1.594e+00,-1.594e+00,-7.328e-01,-1.295e+00,-1.131e+00,-1.509e+00,-6.545e-01,4.202e-01,-1.879e+00
4.914e-01,-1.776e-01,7.859e-02,8.571e-02,1.213e-01,1.061e+00,-5.406e-01,-1.793e+00,-1.017e+00,-3.409e+00,8.259e-01,-6.118e-01,-4.908e-01,-1.167e+00,-1.067e+00,-1.046e+00,8.259e-01,-7.826e-01,-1.466e+00,1.047e+00,-7.826e-01,-1.136e-01,1.498e-01,-6.474e-01,-7.328e-01,-9.392e-01,-4.694e-01,-5.193e-01,-4.267e-01,-4.339e-01,-6.759e-01,-5.477e-01,-5.050e-01,-6.047e-01,-4.241e-02,-3.342e-01,-1.843e+00
-8.965e-01,-3.556e-01,-2.844e-01,-6.331e-01,-6.616e-01,-1.990e-01,-4.125e-01,-1.743e+00,-1.366e+00,8.259e-01,-3.409e+00,-5.477e-01,-6.474e-01,-7.541e-01,-5.264e-01,-1.010e+00,-5.193e-01,-4.552e-01,-9.321e-01,6.124e-01,-7.968e-01,-8.894e-01,3.063e-01,-7.897e-01,-1.025e+00,-6.189e-01,-2.915e-01,-6.972e-01,-5.691e-01,-1.776e-01,-9.178e-01,-7.043e-01,-8.680e-01,-3.556e-01,9.754e-01,-8.965e-01,-1.324e+00
3.589e-02,1.426e-01,9.398e-01,2.423e-01,-2.105e-02,4.060e-01,1.782e-01,-1.815e+00,-6.189e-01,-6.118e-01,-5.477e-01,-3.409e+00,1.004e+00,1.025e+00,1.410e+00,3.589e-02,9.994e-02,7.974e-01,1.153e+00,-4.837e-01,4.416e-01,7.619e-01,4.700e-01,6.622e-01,7.619e-01,2.636e-01,6.978e-01,1.993e+00,-5.664e-02,-3.529e-02,4.273e-01,1.142e-01,2.209e-01,2.067e-01,4.060e-01,-1.776e-01,-1.096e+00
-3.413e-01,-3.983e-01,5.768e-01,-1.705e-01,-4.766e-01,6.622e-01,-4.241e-02,-1.252e+00,-9.250e-01,-4.908e-01,-6.474e-01,1.004e+00,-3.409e+00,3.562e-01,7.334e-01,-3.840e-01,1.545e+00,4.772e-01,5.056e-01,-3.057e-01,-5.664e-02,3.708e+00,-3.200e-01,1.071e-01,1.925e-01,-6.376e-02,6.436e-02,2.209e-01,-3.200e-01,-8.538e-01,4.300e-02,2.565e-01,-9.223e-02,1.071e-01,5.412e-01,-4.054e-01,-1.167e+00
-1.207e-01,2.708e-01,3.348e-01,1.213e-01,-2.702e-01,5.768e-01,2.209e-01,-1.238e+00,-1.331e+00,-1.167e+00,-7.541e-01,1.025e+00,3.562e-01,-3.409e+00,2.513e+00,-2.559e-01,-2.986e-01,1.360e+00,1.175e+00,-2.488e-01,4.202e-01,1.175e+00,-4.766e-01,-6.260e-01,-4.241e-02,-2.105e-02,3.206e-01,9.540e-01,-4.339e-01,-7.087e-02,3.846e-01,2.992e-04,-1.394e-02,-3.698e-01,6.266e-01,3.491e-01,-6.759e-01
-4.267e-01,-1.065e-01,5.270e-01,-7.087e-02,1.782e-01,5.199e-01,5.555e-01,-1.651e+00,-1.452e+00,-1.067e+00,-5.264e-01,1.410e+00,7.334e-01,2.513e+00,-3.409e+00,-4.623e-01,-2.417e-01,1.445e+00,6.693e-01,2.636e-01,1.854e-01,6.551e-01,-4.952e-02,3.589e-02,-2.817e-02,1.498e-01,3.633e-01,4.202e-01,1.640e-01,3.562e-01,-1.919e-01,7.049e-01,5.270e-01,5.012e-02,4.416e-01,2.850e-01,-4.694e-01
-3.057e-01,-3.200e-01,4.060e-01,2.708e-01,1.239e+00,-4.766e-01,1.854e-01,-1.843e+00,6.978e-01,-1.046e+00,-1.010e+00,3.589e-02,-3.840e-01,-2.559e-01,-4.623e-01,-3.409e+00,-3.413e-01,-4.623e-01,-8.538e-01,-4.125e-01,-3.840e-01,-2.061e-01,2.138e-01,-3.413e-01,9.683e-01,-2.061e-01,-3.698e-01,2.850e-01,2.877e-02,1.355e-01,5.012e-02,5.839e-01,3.277e-01,-4.054e-01,1.139e+00,9.683e-01,-1.288e+00
4.300e-02,-3.529e-02,-7.799e-02,-3.129e-01,-6.047e-01,7.263e-01,-1.394e-02,-1.658e+00,-1.124e+00,8.259e-01,-5.193e-01,9.994e-02,1.545e+00,-2.986e-01,-2.417e-01,-3.413e-01,-3.409e+00,-2.417e-01,-5.691e-01,-6.818e-03,-1.065e-01,-2.132e-01,1.004e+00,-3.200e-01,1.640e-01,-2.417e-01,-1.634e-01,1.711e-01,6.907e-01,6.907e-01,1.355e-01,-4.054e-01,-4.410e-01,-1.563e-01,-2.630e-01,-4.552e-01,-1.566e+00
2.992e-04,9.042e-01,6.693e-01,-3.413e-01,-2.986e-01,9.184e-01,6.337e-01,-1.566e+00,-1.281e+00,-7.826e-01,-4.552e-01,7.974e-01,4.772e-01,1.360e+00,1.445e+00,-4.623e-01,-2.417e-01,-3.409e+00,1.431e+00,7.832e-01,5.555e-01,7.761e-01,3.589e-02,1.711e-01,-4.952e-02,7.417e-03,4.843e-01,5.412e-01,7.859e-02,-1.848e-01,4.300e-02,2.352e-01,-1.136e-01,7.049e-01,7.761e-01,-4.481e-01,-9.677e-01
-5.549e-01,-1.990e-01,3.135e-01,-4.267e-01,-1.195e+00,7.147e-02,-4.339e-01,-1.544e+00,-1.786e+00,-1.466e+00,-9.321e-01,1.153e+00,5.056e-01,1.175e+00,6.693e-01,-8.538e-01,-5.691e-01,1.431e+00,-3.409e+00,-2.915e-01,5.697e-01,1.424e+00,-7.114e-01,-4.623e-01,-2.488e-01,-5.050e-01,7.832e-01,9.184e-01,-9.534e-01,-9.534e-01,-4.241e-02,-4.766e-01,-8.396e-01,-8.609e-01,4.985e-01,-1.025e+00,-1.117e+00
-7.087e-02,-1.349e-01,5.724e-02,-1.705e-01,3.633e-01,3.775e-01,3.633e-01,-1.459e+00,-1.587e+00,1.047e+00,6.124e-01,-4.837e-01,-3.057e-01,-2.488e-01,2.636e-01,-4.125e-01,-6.818e-03,7.832e-01,-2.915e-01,-3.409e+00,7.405e-01,-7.087e-02,3.277e-01,-4.125e-01,3.348e-01,-2.702e-01,5.270e-01,7.903e-01,-2.915e-01,-3.698e-01,2.281e-01,1.213e-01,1.453e-02,2.877e-02,-9.223e-02,-4.694e-01,-1.437e+00
-2.105e-02,7.417e-03,2.209e-01,-6.830e-01,-4.241e-02,-1.065e-01,-3.627e-01,-1.259e+00,-1.423e+00,-7.826e-01,-7.968e-01,4.416e-01,-5.664e-02,4.202e-01,1.854e-01,-3.840e-01,-1.065e-01,5.555e-01,5.697e-01,7.405e-01,-3.409e+00,1.381e+00,7.547e-01,-1.705e-01,7.263e-01,1.453e-02,9.967e-01,2.185e+00,8.330e-01,2.565e-01,1.061e+00,5.483e-01,2.281e-01,7.547e-01,1.854e-01,-4.054e-01,-1.573e+00
-2.488e-01,4.300e-02,5.626e-01,-5.406e-01,-3.627e-01,-1.278e-01,7.417e-03,-1.416e+00,-7.257e-01,-1.136e-01,-8.894e-01,7.619e-01,3.708e+00,1.175e+00,6.551e-01,-2.061e-01,-2.132e-01,7.761e-01,1.424e+00,-7.087e-02,1.381e+00,-3.409e+00,2.708e-01,1.996e-01,-3.529e-02,-4.267e-01,5.341e-01,2.057e+00,2.921e-01,1.854e-01,2.067e-01,-1.563e-01,-4.410e-01,4.914e-01,3.277e-01,1.453e-02,-5.122e-01
6.551e-01,1.355e-01,4.202e-01,-3.529e-02,2.779e-01,2.138e-01,4.131e-01,-1.046e+00,-9.534e-01,1.498e-01,3.063e-01,4.700e-01,-3.200e-01,-4.766e-01,-4.952e-02,2.138e-01,1.004e+00,3.589e-02,-7.114e-01,3.277e-01,7.547e-01,2.708e-01,-3.409e+00,-2.061e-01,2.779e-01,-2.105e-02,4.558e-01,8.615e-01,3.708e+00,3.708e+00,1.996e-01,4.843e-01,5.839e-01,5.626e-01,3.277e-01,-2.203e-01,-1.651e+00
-2.346e-01,-7.799e-02,3.589e-02,2.494e-01,-1.492e-01,-7.087e-02,1.569e-01,-9.250e-01,-8.040e-01,-6.474e-01,-7.897e-01,6.622e-01,1.071e-01,-6.260e-01,3.589e-02,-3.413e-01,-3.200e-01,1.711e-01,-4.623e-01,-4.125e-01,-1.705e-01,1.996e-01,-2.061e-01,-3.409e+00,2.100e+00,1.402e+00,6.266e-01,1.388e+00,-2.105e-02,2.877e-02,8.544e-01,7.903e-01,1.018e+00,3.063e-01,2.150e+00,-6.545e-01,-1.131e+00
-4.241e-02,6.337e-01,4.843e-01,3.589e-02,5.270e-01,1.284e-01,5.982e-01,-1.487e+00,-5.620e-01,-7.328e-01,-1.025e+00,7.619e-01,1.925e-01,-4.241e-02,-2.817e-02,9.683e-01,1.640e-01,-4.952e-02,-2.488e-01,3.348e-01,7.263e-01,-3.529e-02,2.779e-01,2.100e+00,-3.409e+00,2.406e+00,7.690e-01,1.039e+00,-7.799e-02,4.300e-02,1.822e+00,1.822e+00,2.050e+00,-1.848e-01,9.611e-01,-2.702e-01,-1.316e+00
-7.043e-01,6.764e-01,4.416e-01,1.782e-01,-1.278e-01,-1.420e-01,5.012e-02,-1.480e+00,-1.267e+00,-9.392e-01,-6.189e-01,2.636e-01,-6.376e-02,-2.105e-02,1.498e-01,-2.061e-01,-2.417e-01,7.417e-03,-5.050e-01,-2.702e-01,1.453e-02,-4.267e-01,-2.105e-02,1.402e+00,2.406e+00,-3.409e+00,7.690e-01,6.836e-01,-3.271e-01,-3.271e-01,1.431e+00,1.716e+00,1.417e+00,-2.817e-02,1.260e+00,-5.193e-01,-1.302e+00
6.907e-01,2.067e-01,4.273e-01,-3.413e-01,3.589e-02,5.012e-02,6.907e-01,-5.976e-01,-1.480e+00,-4.694e-01,-2.915e-01,6.978e-01,6.436e-02,3.206e-01,3.633e-01,-3.698e-01,-1.634e-01,4.843e-01,7.832e-01,5.270e-01,9.967e-01,5.341e-01,4.558e-01,6.266e-01,7.690e-01,7.690e-01,-3.409e+00,1.552e+00,5.982e-01,2.209e-01,8.971e-01,8.615e-01,7.192e-01,2.779e-01,9.611e-01,-4.410e-01,-9.250e-01
9.994e-02,7.147e-02,6.764e-01,2.992e-04,1.213e-01,4.131e-01,6.480e-01,-1.338e+00,-1.274e+00,-5.193e-01,-6.972e-01,1.993e+00,2.209e-01,9.540e-01,4.202e-01,2.850e-01,1.711e-01,5.412e-01,9.184e-01,7.903e-01,2.185e+00,2.057e+00,8.615e-01,1.388e+00,1.039e+00,6.836e-01,1.552e+00,-3.409e+00,1.289e+00,6.551e-01,1.054e+00,1.417e+00,7.547e-01,7.334e-01,1.004e+00,-2.061e-01,-1.573e+00
3.589e-02,5.341e-01,4.985e-01,-1.278e-01,-3.912e-01,-2.817e-02,6.764e-01,-1.210e+00,-1.594e+00,-4.267e-01,-5.691e-01,-5.664e-02,-3.200e-01,-4.339e-01,1.640e-01,2.877e-02,6.907e-01,7.859e-02,-9.534e-01,-2.915e-01,8.330e-01,2.921e-01,3.708e+00,-2.105e-02,-7.799e-02,-3.271e-01,5.982e-01,1.289e+00,-3.409e+00,3.708e+00,-2.773e-01,6.053e-01,5.982e-01,3.063e-01,9.256e-01,-4.481e-01,-1.274e+00
-1.776e-01,4.772e-01,3.491e-01,2.067e-01,-2.817e-02,-2.817e-02,2.352e-01,-1.288e+00,-1.594e+00,-4.339e-01,-1.776e-01,-3.529e-02,-8.538e-01,-7.087e-02,3.562e-01,1.355e-01,6.907e-01,-1.848e-01,-9.534e-01,-3.698e-01,2.565e-01,1.854e-01,3.708e+00,2.877e-02,4.300e-02,-3.271e-01,2.209e-01,6.551e-01,3.708e+00,-3.409e+00,1.071e-01,1.345e+00,8.757e-01,7.974e-01,5.483e-01,-2.275e-01,-1.217e+00
-2.986e-01,1.089e+00,1.118e+00,-1.420e-01,5.412e-01,2.494e-01,2.636e-01,-1.921e+00,-7.328e-01,-6.759e-01,-9.178e-01,4.273e-01,4.300e-02,3.846e-01,-1.919e-01,5.012e-02,1.355e-01,4.300e-02,-4.241e-02,2.281e-01,1.061e+00,2.067e-01,1.996e-01,8.544e-01,1.822e+00,1.431e+00,8.971e-01,1.054e+00,-2.773e-01,1.071e-01,-3.409e+00,1.609e+00,1.851e+00,1.498e-01,9.825e-01,2.992e-01,-1.530e+00
-3.529e-02,9.042e-01,6.337e-01,3.491e-01,1.453e-02,3.589e-02,6.978e-01,-1.188e+00,-1.295e+00,-5.477e-01,-7.043e-01,1.142e-01,2.565e-01,2.992e-04,7.049e-01,5.839e-01,-4.054e-01,2.352e-01,-4.766e-01,1.213e-01,5.483e-01,-1.563e-01,4.843e-01,7.903e-01,1.822e+00,1.716e+00,8.615e-01,1.417e+00,6.053e-01,1.345e+00,1.609e+00,-3.409e+00,2.171e+00,9.994e-02,1.182e+00,-4.766e-01,-1.259e+00
-1.563e-01,9.256e-01,5.056e-01,6.266e-01,4.345e-01,-1.278e-01,5.626e-01,-1.445e+00,-1.131e+00,-5.050e-01,-8.680e-01,2.209e-01,-9.223e-02,-1.394e-02,5.270e-01,3.277e-01,-4.410e-01,-1.136e-01,-8.396e-01,1.453e-02,2.281e-01,-4.410e-01,5.839e-01,1.018e+00,2.050e+00,1.417e+00,7.192e-01,7.547e-01,5.982e-01,8.757e-01,1.851e+00,2.171e+00,-3.409e+00,-6.376e-02,1.039e+00,-2.346e-01,-1.765e+00
-1.420e-01,7.417e-03,1.640e-01,6.436e-02,-2.844e-01,4.914e-01,7.832e-01,-1.779e+00,-1.509e+00,-6.047e-01,-3.556e-01,2.067e-01,1.071e-01,-3.698e-01,5.012e-02,-4.054e-01,-1.563e-01,7.049e-01,-8.609e-01,2.877e-02,7.547e-01,4.914e-01,5.626e-01,3.063e-01,-1.848e-01,-2.817e-02,2.779e-01,7.334e-01,3.063e-01,7.974e-01,1.498e-01,9.994e-02,-6.376e-02,-3.409e+00,1.851e+00,-5.193e-01,-9.534e-01
9.994e-02,1.089e+00,1.011e+00,8.829e-01,2.399e+00,8.046e-01,1.666e+00,-1.395e+00,-6.545e-01,-4.241e-02,9.754e-01,4.060e-01,5.412e-01,6.266e-01,4.416e-01,1.139e+00,-2.630e-01,7.761e-01,4.985e-01,-9.223e-02,1.854e-01,3.277e-01,3.277e-01,2.150e+00,9.611e-01,1.260e+00,9.611e-01,1.004e+00,9.256e-01,5.483e-01,9.825e-01,1.182e+00,1.039e+00,1.851e+00,-3.409e+00,8.188e-01,-6.818e-03
-4.054e-01,-1.420e-01,4.416e-01,3.277e-01,-6.376e-02,-6.818e-03,1.453e-02,-1.985e+00,4.202e-01,-3.342e-01,-8.965e-01,-1.776e-01,-4.054e-01,3.491e-01,2.850e-01,9.683e-01,-4.552e-01,-4.481e-01,-1.025e+00,-4.694e-01,-4.054e-01,1.453e-02,-2.203e-01,-6.545e-01,-2.702e-01,-5.193e-01,-4.410e-01,-2.061e-01,-4.481e-01,-2.275e-01,2.992e-01,-4.766e-01,-2.346e-01,-5.193e-01,8.188e-01,-3.409e+00,-1.096e+00
-1.352e+00,-1.067e+00,-7.470e-01,-8.040e-01,-1.665e+00,-7.541e-01,-8.396e-01,-2.277e+00,-1.879e+00,-1.843e+00,-1.324e+00,-1.096e+00,-1.167e+00,-6.759e-01,-4.694e-01,-1.288e+00,-1.566e+00,-9.677e-01,-1.117e+00,-1.437e+00,-1.573e+00,-5.122e-01,-1.651e+00,-1.131e+00,-1.316e+00,-1.302e+00,-9.250e-01,-1.573e+00,-1.274e+00,-1.217e+00,-1.530e+00,-1.259e+00,-1.765e+00,-9.534e-01,-6.818e-03,-1.096e+00,-3.409e+00
