0.000e+00,4.170e-01,5.640e-01,4.860e-01,4.230e-01,4.900e-01,4.590e-01,3.830e-01,4.010e-01,5.480e-01,3.530e-01,4.840e-01,4.310e-01,4.620e-01,4.190e-01,4.360e-01,4.850e-01,4.790e-01,4.010e-01,4.690e-01,4.760e-01,4.440e-01,5.710e-01,4.460e-01,4.730e-01,3.800e-01,5.760e-01,4.930e-01,4.840e-01,4.540e-01,4.370e-01,4.740e-01,4.570e-01,4.590e-01,4.930e-01,4.220e-01,2.890e-01
4.170e-01,0.000e+00,6.320e-01,4.770e-01,5.420e-01,4.720e-01,5.420e-01,2.860e-01,2.630e-01,4.540e-01,4.290e-01,4.990e-01,4.230e-01,5.170e-01,4.640e-01,4.340e-01,4.740e-01,6.060e-01,4.510e-01,4.600e-01,4.800e-01,4.850e-01,4.980e-01,4.680e-01,5.680e-01,5.740e-01,5.080e-01,4.890e-01,5.540e-01,5.460e-01,6.320e-01,6.060e-01,6.090e-01,4.800e-01,6.320e-01,4.590e-01,3.290e-01
5.640e-01,6.320e-01,0.000e+00,4.830e-01,4.950e-01,5.940e-01,5.660e-01,3.320e-01,3.910e-01,4.900e-01,4.390e-01,6.110e-01,5.600e-01,5.260e-01,5.530e-01,5.360e-01,4.680e-01,5.730e-01,5.230e-01,4.870e-01,5.100e-01,5.580e-01,5.380e-01,4.840e-01,5.470e-01,5.410e-01,5.390e-01,5.740e-01,5.490e-01,5.280e-01,6.360e-01,5.680e-01,5.500e-01,5.020e-01,6.210e-01,5.410e-01,3.740e-01
4.860e-01,4.770e-01,4.830e-01,0.000e+00,4.700e-01,5.290e-01,4.610e-01,3.030e-01,4.250e-01,4.910e-01,3.900e-01,5.130e-01,4.550e-01,4.960e-01,4.690e-01,5.170e-01,4.350e-01,4.310e-01,4.190e-01,4.550e-01,3.830e-01,4.030e-01,4.740e-01,5.140e-01,4.840e-01,5.040e-01,4.310e-01,4.790e-01,4.610e-01,5.080e-01,4.590e-01,5.280e-01,5.670e-01,4.880e-01,6.030e-01,5.250e-01,3.660e-01
4.230e-01,5.420e-01,4.950e-01,4.700e-01,0.000e+00,4.270e-01,5.990e-01,2.740e-01,3.920e-01,4.960e-01,3.860e-01,4.760e-01,4.120e-01,4.410e-01,5.040e-01,6.530e-01,3.940e-01,4.370e-01,3.110e-01,5.300e-01,4.730e-01,4.280e-01,5.180e-01,4.580e-01,5.530e-01,4.610e-01,4.840e-01,4.960e-01,4.240e-01,4.750e-01,5.550e-01,4.810e-01,5.400e-01,4.390e-01,8.160e-01,4.700e-01,2.450e-01
4.900e-01,4.720e-01,5.940e-01,5.290e-01,4.270e-01,0.000e+00,5.120e-01,4.340e-01,4.140e-01,6.280e-01,4.510e-01,5.360e-01,5.720e-01,5.600e-01,5.520e-01,4.120e-01,5.810e-01,6.080e-01,4.890e-01,5.320e-01,4.640e-01,4.610e-01,5.090e-01,4.690e-01,4.970e-01,4.590e-01,4.860e-01,5.370e-01,4.750e-01,4.750e-01,5.140e-01,4.840e-01,4.610e-01,5.480e-01,5.920e-01,4.780e-01,3.730e-01
4.590e-01,5.420e-01,5.660e-01,4.610e-01,5.990e-01,5.120e-01,0.000e+00,3.420e-01,3.470e-01,4.030e-01,4.210e-01,5.040e-01,4.730e-01,5.100e-01,5.570e-01,5.050e-01,4.770e-01,5.680e-01,4.180e-01,5.300e-01,4.280e-01,4.800e-01,5.370e-01,5.010e-01,5.630e-01,4.860e-01,5.760e-01,5.700e-01,5.740e-01,5.120e-01,5.160e-01,5.770e-01,5.580e-01,5.890e-01,7.130e-01,4.810e-01,3.610e-01
3.830e-01,2.860e-01,3.320e-01,3.030e-01,2.740e-01,4.340e-01,3.420e-01,0.000e+00,1.800e-01,2.270e-01,2.340e-01,2.240e-01,3.030e-01,3.050e-01,2.470e-01,2.200e-01,2.460e-01,2.590e-01,2.620e-01,2.740e-01,3.020e-01,2.800e-01,3.320e-01,3.490e-01,2.700e-01,2.710e-01,3.950e-01,2.910e-01,3.090e-01,2.980e-01,2.090e-01,3.120e-01,2.760e-01,2.290e-01,2.830e-01,2.000e-01,1.590e-01
4.010e-01,2.630e-01,3.910e-01,4.250e-01,3.920e-01,4.140e-01,3.470e-01,1.800e-01,0.000e+00,3.360e-01,2.870e-01,3.920e-01,3.490e-01,2.920e-01,2.750e-01,5.770e-01,3.210e-01,2.990e-01,2.280e-01,2.560e-01,2.790e-01,3.770e-01,3.450e-01,3.660e-01,4.000e-01,3.010e-01,2.710e-01,3.000e-01,2.550e-01,2.550e-01,3.760e-01,2.970e-01,3.200e-01,2.670e-01,3.870e-01,5.380e-01,2.150e-01
5.480e-01,4.540e-01,4.900e-01,4.910e-01,4.960e-01,6.280e-01,4.030e-01,2.270e-01,3.360e-01,0.000e+00,5.950e-01,3.930e-01,4.100e-01,3.150e-01,3.290e-01,3.320e-01,5.950e-01,3.690e-01,2.730e-01,6.260e-01,3.690e-01,4.630e-01,5.000e-01,3.880e-01,3.760e-01,3.470e-01,4.130e-01,4.060e-01,4.190e-01,4.180e-01,3.840e-01,4.020e-01,4.080e-01,3.940e-01,4.730e-01,4.320e-01,2.200e-01
3.530e-01,4.290e-01,4.390e-01,3.900e-01,3.860e-01,4.510e-01,4.210e-01,2.340e-01,2.870e-01,5.950e-01,0.000e+00,4.020e-01,3.880e-01,3.730e-01,4.050e-01,3.370e-01,4.060e-01,4.150e-01,3.480e-01,5.650e-01,3.670e-01,3.540e-01,5.220e-01,3.680e-01,3.350e-01,3.920e-01,4.380e-01,3.810e-01,3.990e-01,4.540e-01,3.500e-01,3.800e-01,3.570e-01,4.290e-01,6.160e-01,3.530e-01,2.930e-01
4.840e-01,4.990e-01,6.110e-01,5.130e-01,4.760e-01,5.360e-01,5.040e-01,2.240e-01,3.920e-01,3.930e-01,4.020e-01,0.000e+00,6.200e-01,6.230e-01,6.770e-01,4.840e-01,4.930e-01,5.910e-01,6.410e-01,4.110e-01,5.410e-01,5.860e-01,5.450e-01,5.720e-01,5.860e-01,5.160e-01,5.770e-01,7.590e-01,4.710e-01,4.740e-01,5.390e-01,4.950e-01,5.100e-01,5.080e-01,5.360e-01,4.540e-01,3.250e-01
4.310e-01,4.230e-01,5.600e-01,4.550e-01,4.120e-01,5.720e-01,4.730e-01,3.030e-01,3.490e-01,4.100e-01,3.880e-01,6.200e-01,0.000e+00,5.290e-01,5.820e-01,4.250e-01,6.960e-01,5.460e-01,5.500e-01,4.360e-01,4.710e-01,1.000e+00,4.340e-01,4.940e-01,5.060e-01,4.700e-01,4.880e-01,5.100e-01,4.340e-01,3.590e-01,4.850e-01,5.150e-01,4.660e-01,4.940e-01,5.550e-01,4.220e-01,3.150e-01
4.620e-01,5.170e-01,5.260e-01,4.960e-01,4.410e-01,5.600e-01,5.100e-01,3.050e-01,2.920e-01,3.150e-01,3.730e-01,6.230e-01,5.290e-01,0.000e+00,8.320e-01,4.430e-01,4.370e-01,6.700e-01,6.440e-01,4.440e-01,5.380e-01,6.440e-01,4.120e-01,3.910e-01,4.730e-01,4.760e-01,5.240e-01,6.130e-01,4.180e-01,4.690e-01,5.330e-01,4.790e-01,4.770e-01,4.270e-01,5.670e-01,5.280e-01,3.840e-01
4.190e-01,4.640e-01,5.530e-01,4.690e-01,5.040e-01,5.520e-01,5.570e-01,2.470e-01,2.750e-01,3.290e-01,4.050e-01,6.770e-01,5.820e-01,8.320e-01,0.000e+00,4.140e-01,4.450e-01,6.820e-01,5.730e-01,5.160e-01,5.050e-01,5.710e-01,4.720e-01,4.840e-01,4.750e-01,5.000e-01,5.300e-01,5.380e-01,5.020e-01,5.290e-01,4.520e-01,5.780e-01,5.530e-01,4.860e-01,5.410e-01,5.190e-01,4.130e-01
4.360e-01,4.340e-01,5.360e-01,5.170e-01,6.530e-01,4.120e-01,5.050e-01,2.200e-01,5.770e-01,3.320e-01,3.370e-01,4.840e-01,4.250e-01,4.430e-01,4.140e-01,0.000e+00,4.310e-01,4.140e-01,3.590e-01,4.210e-01,4.250e-01,4.500e-01,5.090e-01,4.310e-01,6.150e-01,4.500e-01,4.270e-01,5.190e-01,4.830e-01,4.980e-01,4.860e-01,5.610e-01,5.250e-01,4.220e-01,6.390e-01,6.150e-01,2.980e-01
4.850e-01,4.740e-01,4.680e-01,4.350e-01,3.940e-01,5.810e-01,4.770e-01,2.460e-01,3.210e-01,5.950e-01,4.060e-01,4.930e-01,6.960e-01,4.370e-01,4.450e-01,4.310e-01,0.000e+00,4.450e-01,3.990e-01,4.780e-01,4.640e-01,4.490e-01,6.200e-01,4.340e-01,5.020e-01,4.450e-01,4.560e-01,5.030e-01,5.760e-01,5.760e-01,4.980e-01,4.220e-01,4.170e-01,4.570e-01,4.420e-01,4.150e-01,2.590e-01
4.790e-01,6.060e-01,5.730e-01,4.310e-01,4.370e-01,6.080e-01,5.680e-01,2.590e-01,2.990e-01,3.690e-01,4.150e-01,5.910e-01,5.460e-01,6.700e-01,6.820e-01,4.140e-01,4.450e-01,0.000e+00,6.800e-01,5.890e-01,5.570e-01,5.880e-01,4.840e-01,5.030e-01,4.720e-01,4.800e-01,5.470e-01,5.550e-01,4.900e-01,4.530e-01,4.850e-01,5.120e-01,4.630e-01,5.780e-01,5.880e-01,4.160e-01,3.430e-01
4.010e-01,4.510e-01,5.230e-01,4.190e-01,3.110e-01,4.890e-01,4.180e-01,2.620e-01,2.280e-01,2.730e-01,3.480e-01,6.410e-01,5.500e-01,6.440e-01,5.730e-01,3.590e-01,3.990e-01,6.800e-01,0.000e+00,4.380e-01,5.590e-01,6.790e-01,3.790e-01,4.140e-01,4.440e-01,4.080e-01,5.890e-01,6.080e-01,3.450e-01,3.450e-01,4.730e-01,4.120e-01,3.610e-01,3.580e-01,5.490e-01,3.350e-01,3.220e-01
4.690e-01,4.600e-01,4.870e-01,4.550e-01,5.300e-01,5.320e-01,5.300e-01,2.740e-01,2.560e-01,6.260e-01,5.650e-01,4.110e-01,4.360e-01,4.440e-01,5.160e-01,4.210e-01,4.780e-01,5.890e-01,4.380e-01,0.000e+00,5.830e-01,4.690e-01,5.250e-01,4.210e-01,5.260e-01,4.410e-01,5.530e-01,5.900e-01,4.380e-01,4.270e-01,5.110e-01,4.960e-01,4.810e-01,4.830e-01,4.660e-01,4.130e-01,2.770e-01
4.760e-01,4.800e-01,5.100e-01,3.830e-01,4.730e-01,4.640e-01,4.280e-01,3.020e-01,2.790e-01,3.690e-01,3.670e-01,5.410e-01,4.710e-01,5.380e-01,5.050e-01,4.250e-01,4.640e-01,5.570e-01,5.590e-01,5.830e-01,0.000e+00,6.730e-01,5.850e-01,4.550e-01,5.810e-01,4.810e-01,6.190e-01,7.860e-01,5.960e-01,5.150e-01,6.280e-01,5.560e-01,5.110e-01,5.850e-01,5.050e-01,4.220e-01,2.580e-01
4.440e-01,4.850e-01,5.580e-01,4.030e-01,4.280e-01,4.610e-01,4.800e-01,2.800e-01,3.770e-01,4.630e-01,3.540e-01,5.860e-01,1.000e+00,6.440e-01,5.710e-01,4.500e-01,4.490e-01,5.880e-01,6.790e-01,4.690e-01,6.730e-01,0.000e+00,5.170e-01,5.070e-01,4.740e-01,4.190e-01,5.540e-01,7.680e-01,5.200e-01,5.050e-01,5.080e-01,4.570e-01,4.170e-01,5.480e-01,5.250e-01,4.810e-01,4.070e-01
5.710e-01,4.980e-01,5.380e-01,4.740e-01,5.180e-01,5.090e-01,5.370e-01,3.320e-01,3.450e-01,5.000e-01,5.220e-01,5.450e-01,4.340e-01,4.120e-01,4.720e-01,5.090e-01,6.200e-01,4.840e-01,3.790e-01,5.250e-01,5.850e-01,5.170e-01,0.000e+00,4.500e-01,5.180e-01,4.760e-01,5.430e-01,6.000e-01,1.000e+00,1.000e+00,5.070e-01,5.470e-01,5.610e-01,5.580e-01,5.250e-01,4.480e-01,2.470e-01
4.460e-01,4.680e-01,4.840e-01,5.140e-01,4.580e-01,4.690e-01,5.010e-01,3.490e-01,3.660e-01,3.880e-01,3.680e-01,5.720e-01,4.940e-01,3.910e-01,4.840e-01,4.310e-01,4.340e-01,5.030e-01,4.140e-01,4.210e-01,4.550e-01,5.070e-01,4.500e-01,0.000e+00,7.740e-01,6.760e-01,5.670e-01,6.740e-01,4.760e-01,4.830e-01,5.990e-01,5.900e-01,6.220e-01,5.220e-01,7.810e-01,3.870e-01,3.200e-01
4.730e-01,5.680e-01,5.470e-01,4.840e-01,5.530e-01,4.970e-01,5.630e-01,2.700e-01,4.000e-01,3.760e-01,3.350e-01,5.860e-01,5.060e-01,4.730e-01,4.750e-01,6.150e-01,5.020e-01,4.720e-01,4.440e-01,5.260e-01,5.810e-01,4.740e-01,5.180e-01,7.740e-01,0.000e+00,8.170e-01,5.870e-01,6.250e-01,4.680e-01,4.850e-01,7.350e-01,7.350e-01,7.670e-01,4.530e-01,6.140e-01,4.410e-01,2.940e-01
3.800e-01,5.740e-01,5.410e-01,5.040e-01,4.610e-01,4.590e-01,4.860e-01,2.710e-01,3.010e-01,3.470e-01,3.920e-01,5.160e-01,4.700e-01,4.760e-01,5.000e-01,4.500e-01,4.450e-01,4.800e-01,4.080e-01,4.410e-01,4.810e-01,4.190e-01,4.760e-01,6.760e-01,8.170e-01,0.000e+00,5.870e-01,5.750e-01,4.330e-01,4.330e-01,6.800e-01,7.200e-01,6.780e-01,4.750e-01,6.560e-01,4.060e-01,2.960e-01
5.760e-01,5.080e-01,5.390e-01,4.310e-01,4.840e-01,4.860e-01,5.760e-01,3.950e-01,2.710e-01,4.130e-01,4.380e-01,5.770e-01,4.880e-01,5.240e-01,5.300e-01,4.270e-01,4.560e-01,5.470e-01,5.890e-01,5.530e-01,6.190e-01,5.540e-01,5.430e-01,5.670e-01,5.870e-01,5.870e-01,0.000e+00,6.970e-01,5.630e-01,5.100e-01,6.050e-01,6.000e-01,5.800e-01,5.180e-01,6.140e-01,4.170e-01,3.490e-01
4.930e-01,4.890e-01,5.740e-01,4.790e-01,4.960e-01,5.370e-01,5.700e-01,2.910e-01,3.000e-01,4.060e-01,3.810e-01,7.590e-01,5.100e-01,6.130e-01,5.380e-01,5.190e-01,5.030e-01,5.550e-01,6.080e-01,5.900e-01,7.860e-01,7.680e-01,6.000e-01,6.740e-01,6.250e-01,5.750e-01,6.970e-01,0.000e+00,6.600e-01,5.710e-01,6.270e-01,6.780e-01,5.850e-01,5.820e-01,6.200e-01,4.500e-01,2.580e-01
4.840e-01,5.540e-01,5.490e-01,4.610e-01,4.240e-01,4.750e-01,5.740e-01,3.090e-01,2.550e-01,4.190e-01,3.990e-01,4.710e-01,4.340e-01,4.180e-01,5.020e-01,4.830e-01,5.760e-01,4.900e-01,3.450e-01,4.380e-01,5.960e-01,5.200e-01,1.000e+00,4.760e-01,4.680e-01,4.330e-01,5.630e-01,6.600e-01,0.000e+00,1.000e+00,4.400e-01,5.640e-01,5.630e-01,5.220e-01,6.090e-01,4.160e-01,3.000e-01
4.540e-01,5.460e-01,5.280e-01,5.080e-01,4.750e-01,4.750e-01,5.120e-01,2.980e-01,2.550e-01,4.180e-01,4.540e-01,4.740e-01,3.590e-01,4.690e-01,5.290e-01,4.980e-01,5.760e-01,4.530e-01,3.450e-01,4.270e-01,5.150e-01,5.050e-01,1.000e+00,4.830e-01,4.850e-01,4.330e-01,5.100e-01,5.710e-01,1.000e+00,0.000e+00,4.940e-01,6.680e-01,6.020e-01,5.910e-01,5.560e-01,4.470e-01,3.080e-01
4.370e-01,6.320e-01,6.360e-01,4.590e-01,5.550e-01,5.140e-01,5.160e-01,2.090e-01,3.760e-01,3.840e-01,3.500e-01,5.390e-01,4.850e-01,5.330e-01,4.520e-01,4.860e-01,4.980e-01,4.850e-01,4.730e-01,5.110e-01,6.280e-01,5.080e-01,5.070e-01,5.990e-01,7.350e-01,6.800e-01,6.050e-01,6.270e-01,4.400e-01,4.940e-01,0.000e+00,7.050e-01,7.390e-01,5.000e-01,6.170e-01,5.210e-01,2.640e-01
4.740e-01,6.060e-01,5.680e-01,5.280e-01,4.810e-01,4.840e-01,5.770e-01,3.120e-01,2.970e-01,4.020e-01,3.800e-01,4.950e-01,5.150e-01,4.790e-01,5.780e-01,5.610e-01,4.220e-01,5.120e-01,4.120e-01,4.960e-01,5.560e-01,4.570e-01,5.470e-01,5.900e-01,7.350e-01,7.200e-01,6.000e-01,6.780e-01,5.640e-01,6.680e-01,7.050e-01,0.000e+00,7.840e-01,4.930e-01,6.450e-01,4.120e-01,3.020e-01
4.570e-01,6.090e-01,5.500e-01,5.670e-01,5.400e-01,4.610e-01,5.580e-01,2.760e-01,3.200e-01,4.080e-01,3.570e-01,5.100e-01,4.660e-01,4.770e-01,5.530e-01,5.250e-01,4.170e-01,4.630e-01,3.610e-01,4.810e-01,5.110e-01,4.170e-01,5.610e-01,6.220e-01,7.670e-01,6.780e-01,5.800e-01,5.850e-01,5.630e-01,6.020e-01,7.390e-01,7.840e-01,0.000e+00,4.700e-01,6.250e-01,4.460e-01,2.310e-01
4.590e-01,4.800e-01,5.020e-01,4.880e-01,4.390e-01,5.480e-01,5.890e-01,2.290e-01,2.670e-01,3.940e-01,4.290e-01,5.080e-01,4.940e-01,4.270e-01,4.860e-01,4.220e-01,4.570e-01,5.780e-01,3.580e-01,4.830e-01,5.850e-01,5.480e-01,5.580e-01,5.220e-01,4.530e-01,4.750e-01,5.180e-01,5.820e-01,5.220e-01,5.910e-01,5.000e-01,4.930e-01,4.700e-01,0.000e+00,7.390e-01,4.060e-01,3.450e-01
4.930e-01,6.320e-01,6.210e-01,6.030e-01,8.160e-01,5.920e-01,7.130e-01,2.830e-01,3.870e-01,4.730e-01,6.160e-01,5.360e-01,5.550e-01,5.670e-01,5.410e-01,6.390e-01,4.420e-01,5.880e-01,5.490e-01,4.660e-01,5.050e-01,5.250e-01,5.250e-01,7.810e-01,6.140e-01,6.560e-01,6.140e-01,6.200e-01,6.090e-01,5.560e-01,6.170e-01,6.450e-01,6.250e-01,7.390e-01,0.000e+00,5.940e-01,4.780e-01
4.220e-01,4.590e-01,5.410e-01,5.250e-01,4.700e-01,4.780e-01,4.810e-01,2.000e-01,5.380e-01,4.320e-01,3.530e-01,4.540e-01,4.220e-01,5.280e-01,5.190e-01,6.150e-01,4.150e-01,4.160e-01,3.350e-01,4.130e-01,4.220e-01,4.810e-01,4.480e-01,3.870e-01,4.410e-01,4.060e-01,4.170e-01,4.500e-01,4.160e-01,4.470e-01,5.210e-01,4.120e-01,4.460e-01,4.060e-01,5.940e-01,0.000e+00,3.250e-01
2.890e-01,3.290e-01,3.740e-01,3.660e-01,2.450e-01,3.730e-01,3.610e-01,1.590e-01,2.150e-01,2.200e-01,2.930e-01,3.250e-01,3.150e-01,3.840e-01,4.130e-01,2.980e-01,2.590e-01,3.430e-01,3.220e-01,2.770e-01,2.580e-01,4.070e-01,2.470e-01,3.200e-01,2.940e-01,2.960e-01,3.490e-01,2.580e-01,3.000e-01,3.080e-01,2.640e-01,3.020e-01,2.310e-01,3.450e-01,4.780e-01,3.250e-01,0.000e+00
