3.609e+00,-4.291e-01,5.890e-01,4.877e-02,-3.876e-01,7.648e-02,-1.382e-01,-6.646e-01,-5.399e-01,4.782e-01,-8.724e-01,3.492e-02,-3.322e-01,-1.174e-01,-4.153e-01,-2.975e-01,4.185e-02,2.912e-04,-5.399e-01,-6.897e-02,-2.049e-02,-2.421e-01,6.375e-01,-2.283e-01,-4.126e-02,-6.854e-01,6.721e-01,9.725e-02,3.492e-02,-1.729e-01,-2.906e-01,-3.434e-02,-1.521e-01,-1.382e-01,9.725e-02,-3.945e-01,-1.316e+00
-4.291e-01,3.609e+00,1.060e+00,-1.356e-02,4.366e-01,-4.819e-02,4.366e-01,-1.336e+00,-1.496e+00,-1.729e-01,-3.460e-01,1.388e-01,-3.876e-01,2.635e-01,-1.036e-01,-3.114e-01,-3.434e-02,8.799e-01,-1.936e-01,-1.313e-01,7.217e-03,4.185e-02,1.319e-01,-7.589e-02,6.167e-01,6.583e-01,2.011e-01,6.955e-02,5.197e-01,4.643e-01,1.060e+00,8.799e-01,9.007e-01,7.217e-03,1.060e+00,-1.382e-01,-1.039e+00
5.890e-01,1.060e+00,3.609e+00,2.799e-02,1.111e-01,7.968e-01,6.028e-01,-1.018e+00,-6.092e-01,7.648e-02,-2.767e-01,9.145e-01,5.613e-01,3.258e-01,5.128e-01,3.951e-01,-7.589e-02,6.513e-01,3.050e-01,5.570e-02,2.150e-01,5.474e-01,4.089e-01,3.492e-02,4.713e-01,4.297e-01,4.158e-01,6.583e-01,4.851e-01,3.397e-01,1.088e+00,6.167e-01,4.920e-01,1.596e-01,9.838e-01,4.297e-01,-7.269e-01
4.877e-02,-1.356e-02,2.799e-02,3.609e+00,-6.204e-02,3.466e-01,-1.244e-01,-1.219e+00,-3.737e-01,8.340e-02,-6.161e-01,2.358e-01,-1.659e-01,1.180e-01,-6.897e-02,2.635e-01,-3.044e-01,-3.322e-01,-4.153e-01,-1.659e-01,-6.646e-01,-5.261e-01,-3.434e-02,2.427e-01,3.492e-02,1.734e-01,-3.322e-01,2.912e-04,-1.244e-01,2.011e-01,-1.382e-01,3.397e-01,6.098e-01,6.262e-02,8.591e-01,3.189e-01,-7.823e-01
-3.876e-01,4.366e-01,1.111e-01,-6.204e-02,3.609e+00,-3.599e-01,8.314e-01,-1.420e+00,-6.023e-01,1.180e-01,-6.438e-01,-2.049e-02,-4.637e-01,-2.629e-01,1.734e-01,1.205e+00,-5.884e-01,-2.906e-01,-1.163e+00,3.535e-01,-4.126e-02,-3.529e-01,2.704e-01,-1.452e-01,5.128e-01,-1.244e-01,3.492e-02,1.180e-01,-3.806e-01,-2.741e-02,5.267e-01,1.414e-02,4.228e-01,-2.767e-01,2.334e+00,-6.204e-02,-1.620e+00
7.648e-02,-4.819e-02,7.968e-01,3.466e-01,-3.599e-01,3.609e+00,2.288e-01,-3.114e-01,-4.499e-01,1.032e+00,-1.936e-01,3.951e-01,6.444e-01,5.613e-01,5.059e-01,-4.637e-01,7.067e-01,8.937e-01,6.955e-02,3.674e-01,-1.036e-01,-1.244e-01,2.081e-01,-6.897e-02,1.250e-01,-1.382e-01,4.877e-02,4.020e-01,-2.741e-02,-2.741e-02,2.427e-01,3.492e-02,-1.244e-01,4.782e-01,7.829e-01,-6.635e-03,-7.339e-01
-1.382e-01,4.366e-01,6.028e-01,-1.244e-01,8.314e-01,2.288e-01,3.609e+00,-9.486e-01,-9.139e-01,-5.261e-01,-4.014e-01,1.734e-01,-4.126e-02,2.150e-01,5.405e-01,1.804e-01,-1.356e-02,6.167e-01,-4.222e-01,3.535e-01,-3.529e-01,7.217e-03,4.020e-01,1.527e-01,5.821e-01,4.877e-02,6.721e-01,6.305e-01,6.583e-01,2.288e-01,2.565e-01,6.790e-01,5.474e-01,7.621e-01,1.621e+00,1.414e-02,-8.170e-01
-6.646e-01,-1.336e+00,-1.018e+00,-1.219e+00,-1.420e+00,-3.114e-01,-9.486e-01,3.609e+00,-2.071e+00,-1.745e+00,-1.697e+00,-1.766e+00,-1.219e+00,-1.205e+00,-1.607e+00,-1.794e+00,-1.613e+00,-1.523e+00,-1.503e+00,-1.420e+00,-1.226e+00,-1.378e+00,-1.018e+00,-9.001e-01,-1.447e+00,-1.440e+00,-5.815e-01,-1.302e+00,-1.177e+00,-1.253e+00,-1.870e+00,-1.156e+00,-1.406e+00,-1.731e+00,-1.357e+00,-1.932e+00,-2.216e+00
-5.399e-01,-1.496e+00,-6.092e-01,-3.737e-01,-6.023e-01,-4.499e-01,-9.139e-01,-2.071e+00,3.609e+00,-9.901e-01,-1.329e+00,-6.023e-01,-9.001e-01,-1.295e+00,-1.413e+00,6.790e-01,-1.094e+00,-1.246e+00,-1.738e+00,-1.544e+00,-1.385e+00,-7.061e-01,-9.278e-01,-7.823e-01,-5.469e-01,-1.233e+00,-1.440e+00,-1.239e+00,-1.551e+00,-1.551e+00,-7.131e-01,-1.260e+00,-1.101e+00,-1.468e+00,-6.369e-01,4.089e-01,-1.828e+00
4.782e-01,-1.729e-01,7.648e-02,8.340e-02,1.180e-01,1.032e+00,-5.261e-01,-1.745e+00,-9.901e-01,3.609e+00,8.037e-01,-5.953e-01,-4.776e-01,-1.136e+00,-1.039e+00,-1.018e+00,8.037e-01,-7.616e-01,-1.426e+00,1.018e+00,-7.616e-01,-1.105e-01,1.457e-01,-6.300e-01,-7.131e-01,-9.139e-01,-4.568e-01,-5.053e-01,-4.153e-01,-4.222e-01,-6.577e-01,-5.330e-01,-4.914e-01,-5.884e-01,-4.126e-02,-3.252e-01,-1.794e+00
-8.724e-01,-3.460e-01,-2.767e-01,-6.161e-01,-6.438e-01,-1.936e-01,-4.014e-01,-1.697e+00,-1.329e+00,8.037e-01,3.609e+00,-5.330e-01,-6.300e-01,-7.339e-01,-5.122e-01,-9.832e-01,-5.053e-01,-4.430e-01,-9.070e-01,5.959e-01,-7.754e-01,-8.654e-01,2.981e-01,-7.685e-01,-9.970e-01,-6.023e-01,-2.837e-01,-6.784e-01,-5.538e-01,-1.729e-01,-8.931e-01,-6.854e-01,-8.447e-01,-3.460e-01,9.491e-01,-8.724e-01,-1.288e+00
3.492e-02,1.388e-01,9.145e-01,2.358e-01,-2.049e-02,3.951e-01,1.734e-01,-1.766e+00,-6.023e-01,-5.953e-01,-5.330e-01,3.609e+00,9.768e-01,9.976e-01,1.372e+00,3.492e-02,9.725e-02,7.760e-01,1.122e+00,-4.707e-01,4.297e-01,7.414e-01,4.574e-01,6.444e-01,7.414e-01,2.565e-01,6.790e-01,1.940e+00,-5.512e-02,-3.434e-02,4.158e-01,1.111e-01,2.150e-01,2.011e-01,3.951e-01,-1.729e-01,-1.066e+00
-3.322e-01,-3.876e-01,5.613e-01,-1.659e-01,-4.637e-01,6.444e-01,-4.126e-02,-1.219e+00,-9.001e-01,-4.776e-01,-6.300e-01,9.768e-01,3.609e+00,3.466e-01,7.137e-01,-3.737e-01,1.503e+00,4.643e-01,4.920e-01,-2.975e-01,-5.512e-02,3.609e+00,-3.114e-01,1.042e-01,1.873e-01,-6.204e-02,6.262e-02,2.150e-01,-3.114e-01,-8.308e-01,4.185e-02,2.496e-01,-8.975e-02,1.042e-01,5.267e-01,-3.945e-01,-1.136e+00
-1.174e-01,2.635e-01,3.258e-01,1.180e-01,-2.629e-01,5.613e-01,2.150e-01,-1.205e+00,-1.295e+00,-1.136e+00,-7.339e-01,9.976e-01,3.466e-01,3.609e+00,2.445e+00,-2.490e-01,-2.906e-01,1.323e+00,1.143e+00,-2.421e-01,4.089e-01,1.143e+00,-4.637e-01,-6.092e-01,-4.126e-02,-2.049e-02,3.120e-01,9.284e-01,-4.222e-01,-6.897e-02,3.743e-01,2.912e-04,-1.356e-02,-3.599e-01,6.098e-01,3.397e-01,-6.577e-01
-4.153e-01,-1.036e-01,5.128e-01,-6.897e-02,1.734e-01,5.059e-01,5.405e-01,-1.607e+00,-1.413e+00,-1.039e+00,-5.122e-01,1.372e+00,7.137e-01,2.445e+00,3.609e+00,-4.499e-01,-2.352e-01,1.406e+00,6.513e-01,2.565e-01,1.804e-01,6.375e-01,-4.819e-02,3.492e-02,-2.741e-02,1.457e-01,3.535e-01,4.089e-01,1.596e-01,3.466e-01,-1.867e-01,6.860e-01,5.128e-01,4.877e-02,4.297e-01,2.773e-01,-4.568e-01
-2.975e-01,-3.114e-01,3.951e-01,2.635e-01,1.205e+00,-4.637e-01,1.804e-01,-1.794e+00,6.790e-01,-1.018e+00,-9.832e-01,3.492e-02,-3.737e-01,-2.490e-01,-4.499e-01,3.609e+00,-3.322e-01,-4.499e-01,-8.308e-01,-4.014e-01,-3.737e-01,-2.006e-01,2.081e-01,-3.322e-01,9.422e-01,-2.006e-01,-3.599e-01,2.773e-01,2.799e-02,1.319e-01,4.877e-02,5.682e-01,3.189e-01,-3.945e-01,1.108e+00,9.422e-01,-1.253e+00
4.185e-02,-3.434e-02,-7.589e-02,-3.044e-01,-5.884e-01,7.067e-01,-1.356e-02,-1.613e+00,-1.094e+00,8.037e-01,-5.053e-01,9.725e-02,1.503e+00,-2.906e-01,-2.352e-01,-3.322e-01,3.609e+00,-2.352e-01,-5.538e-01,-6.635e-03,-1.036e-01,-2.075e-01,9.768e-01,-3.114e-01,1.596e-01,-2.352e-01,-1.590e-01,1.665e-01,6.721e-01,6.721e-01,1.319e-01,-3.945e-01,-4.291e-01,-1.521e-01,-2.560e-01,-4.430e-01,-1.523e+00
2.912e-04,8.799e-01,6.513e-01,-3.322e-01,-2.906e-01,8.937e-01,6.167e-01,-1.523e+00,-1.246e+00,-7.616e-01,-4.430e-01,7.760e-01,4.643e-01,1.323e+00,1.406e+00,-4.499e-01,-2.352e-01,3.609e+00,1.392e+00,7.621e-01,5.405e-01,7.552e-01,3.492e-02,1.665e-01,-4.819e-02,7.217e-03,4.713e-01,5.267e-01,7.648e-02,-1.798e-01,4.185e-02,2.288e-01,-1.105e-01,6.860e-01,7.552e-01,-4.360e-01,-9.416e-01
-5.399e-01,-1.936e-01,3.050e-01,-4.153e-01,-1.163e+00,6.955e-02,-4.222e-01,-1.503e+00,-1.738e+00,-1.426e+00,-9.070e-01,1.122e+00,4.920e-01,1.143e+00,6.513e-01,-8.308e-01,-5.538e-01,1.392e+00,3.609e+00,-2.837e-01,5.544e-01,1.385e+00,-6.923e-01,-4.499e-01,-2.421e-01,-4.914e-01,7.621e-01,8.937e-01,-9.278e-01,-9.278e-01,-4.126e-02,-4.637e-01,-8.170e-01,-8.377e-01,4.851e-01,-9.970e-01,-1.087e+00
-6.897e-02,-1.313e-01,5.570e-02,-1.659e-01,3.535e-01,3.674e-01,3.535e-01,-1.420e+00,-1.544e+00,1.018e+00,5.959e-01,-4.707e-01,-2.975e-01,-2.421e-01,2.565e-01,-4.014e-01,-6.635e-03,7.621e-01,-2.837e-01,3.609e+00,7.206e-01,-6.897e-02,3.189e-01,-4.014e-01,3.258e-01,-2.629e-01,5.128e-01,7.691e-01,-2.837e-01,-3.599e-01,2.219e-01,1.180e-01,1.414e-02,2.799e-02,-8.975e-02,-4.568e-01,-1.399e+00
-2.049e-02,7.217e-03,2.150e-01,-6.646e-01,-4.126e-02,-1.036e-01,-3.529e-01,-1.226e+00,-1.385e+00,-7.616e-01,-7.754e-01,4.297e-01,-5.512e-02,4.089e-01,1.804e-01,-3.737e-01,-1.036e-01,5.405e-01,5.544e-01,7.206e-01,3.609e+00,1.344e+00,7.344e-01,-1.659e-01,7.067e-01,1.414e-02,9.699e-01,2.127e+00,8.106e-01,2.496e-01,1.032e+00,5.336e-01,2.219e-01,7.344e-01,1.804e-01,-3.945e-01,-1.530e+00
-2.421e-01,4.185e-02,5.474e-01,-5.261e-01,-3.529e-01,-1.244e-01,7.217e-03,-1.378e+00,-7.061e-01,-1.105e-01,-8.654e-01,7.414e-01,3.609e+00,1.143e+00,6.375e-01,-2.006e-01,-2.075e-01,7.552e-01,1.385e+00,-6.897e-02,1.344e+00,3.609e+00,2.635e-01,1.942e-01,-3.434e-02,-4.153e-01,5.197e-01,2.002e+00,2.843e-01,1.804e-01,2.011e-01,-1.521e-01,-4.291e-01,4.782e-01,3.189e-01,1.414e-02,-4.984e-01
6.375e-01,1.319e-01,4.089e-01,-3.434e-02,2.704e-01,2.081e-01,4.020e-01,-1.018e+00,-9.278e-01,1.457e-01,2.981e-01,4.574e-01,-3.114e-01,-4.637e-01,-4.819e-02,2.081e-01,9.768e-01,3.492e-02,-6.923e-01,3.189e-01,7.344e-01,2.635e-01,3.609e+00,-2.006e-01,2.704e-01,-2.049e-02,4.435e-01,8.383e-01,3.609e+00,3.609e+00,1.942e-01,4.713e-01,5.682e-01,5.474e-01,3.189e-01,-2.144e-01,-1.607e+00
-2.283e-01,-7.589e-02,3.492e-02,2.427e-01,-1.452e-01,-6.897e-02,1.527e-01,-9.001e-01,-7.823e-01,-6.300e-01,-7.685e-01,6.444e-01,1.042e-01,-6.092e-01,3.492e-02,-3.322e-01,-3.114e-01,1.665e-01,-4.499e-01,-4.014e-01,-1.659e-01,1.942e-01,-2.006e-01,3.609e+00,2.043e+00,1.365e+00,6.098e-01,1.351e+00,-2.049e-02,2.799e-02,8.314e-01,7.691e-01,9.907e-01,2.981e-01,2.092e+00,-6.369e-01,-1.101e+00
-4.126e-02,6.167e-01,4.713e-01,3.492e-02,5.128e-01,1.250e-01,5.821e-01,-1.447e+00,-5.469e-01,-7.131e-01,-9.970e-01,7.414e-01,1.873e-01,-4.126e-02,-2.741e-02,9.422e-01,1.596e-01,-4.819e-02,-2.421e-01,3.258e-01,7.067e-01,-3.434e-02,2.704e-01,2.043e+00,3.609e+00,2.341e+00,7.483e-01,1.011e+00,-7.589e-02,4.185e-02,1.773e+00,1.773e+00,1.995e+00,-1.798e-01,9.353e-01,-2.629e-01,-1.281e+00
-6.854e-01,6.583e-01,4.297e-01,1.734e-01,-1.244e-01,-1.382e-01,4.877e-02,-1.440e+00,-1.233e+00,-9.139e-01,-6.023e-01,2.565e-01,-6.204e-02,-2.049e-02,1.457e-01,-2.006e-01,-2.352e-01,7.217e-03,-4.914e-01,-2.629e-01,1.414e-02,-4.153e-01,-2.049e-02,1.365e+00,2.341e+00,3.609e+00,7.483e-01,6.652e-01,-3.183e-01,-3.183e-01,1.392e+00,1.669e+00,1.379e+00,-2.741e-02,1.226e+00,-5.053e-01,-1.267e+00
6.721e-01,2.011e-01,4.158e-01,-3.322e-01,3.492e-02,4.877e-02,6.721e-01,-5.815e-01,-1.440e+00,-4.568e-01,-2.837e-01,6.790e-01,6.262e-02,3.120e-01,3.535e-01,-3.599e-01,-1.590e-01,4.713e-01,7.621e-01,5.128e-01,9.699e-01,5.197e-01,4.435e-01,6.098e-01,7.483e-01,7.483e-01,3.609e+00,1.510e+00,5.821e-01,2.150e-01,8.730e-01,8.383e-01,6.998e-01,2.704e-01,9.353e-01,-4.291e-01,-9.001e-01
9.725e-02,6.955e-02,6.583e-01,2.912e-04,1.180e-01,4.020e-01,6.305e-01,-1.302e+00,-1.239e+00,-5.053e-01,-6.784e-01,1.940e+00,2.150e-01,9.284e-01,4.089e-01,2.773e-01,1.665e-01,5.267e-01,8.937e-01,7.691e-01,2.127e+00,2.002e+00,8.383e-01,1.351e+00,1.011e+00,6.652e-01,1.510e+00,3.609e+00,1.254e+00,6.375e-01,1.025e+00,1.379e+00,7.344e-01,7.137e-01,9.768e-01,-2.006e-01,-1.530e+00
3.492e-02,5.197e-01,4.851e-01,-1.244e-01,-3.806e-01,-2.741e-02,6.583e-01,-1.177e+00,-1.551e+00,-4.153e-01,-5.538e-01,-5.512e-02,-3.114e-01,-4.222e-01,1.596e-01,2.799e-02,6.721e-01,7.648e-02,-9.278e-01,-2.837e-01,8.106e-01,2.843e-01,3.609e+00,-2.049e-02,-7.589e-02,-3.183e-01,5.821e-01,1.254e+00,3.609e+00,3.609e+00,-2.698e-01,5.890e-01,5.821e-01,2.981e-01,9.007e-01,-4.360e-01,-1.239e+00
-1.729e-01,4.643e-01,3.397e-01,2.011e-01,-2.741e-02,-2.741e-02,2.288e-01,-1.253e+00,-1.551e+00,-4.222e-01,-1.729e-01,-3.434e-02,-8.308e-01,-6.897e-02,3.466e-01,1.319e-01,6.721e-01,-1.798e-01,-9.278e-01,-3.599e-01,2.496e-01,1.804e-01,3.609e+00,2.799e-02,4.185e-02,-3.183e-01,2.150e-01,6.375e-01,3.609e+00,3.609e+00,1.042e-01,1.309e+00,8.522e-01,7.760e-01,5.336e-01,-2.213e-01,-1.184e+00
-2.906e-01,1.060e+00,1.088e+00,-1.382e-01,5.267e-01,2.427e-01,2.565e-01,-1.870e+00,-7.131e-01,-6.577e-01,-8.931e-01,4.158e-01,4.185e-02,3.743e-01,-1.867e-01,4.877e-02,1.319e-01,4.185e-02,-4.126e-02,2.219e-01,1.032e+00,2.011e-01,1.942e-01,8.314e-01,1.773e+00,1.392e+00,8.730e-01,1.025e+00,-2.698e-01,1.042e-01,3.609e+00,1.566e+00,1.801e+00,1.457e-01,9.561e-01,2.912e-01,-1.489e+00
-3.434e-02,8.799e-01,6.167e-01,3.397e-01,1.414e-02,3.492e-02,6.790e-01,-1.156e+00,-1.260e+00,-5.330e-01,-6.854e-01,1.111e-01,2.496e-01,2.912e-04,6.860e-01,5.682e-01,-3.945e-01,2.288e-01,-4.637e-01,1.180e-01,5.336e-01,-1.521e-01,4.713e-01,7.691e-01,1.773e+00,1.669e+00,8.383e-01,1.379e+00,5.890e-01,1.309e+00,1.566e+00,3.609e+00,2.113e+00,9.725e-02,1.150e+00,-4.637e-01,-1.226e+00
-1.521e-01,9.007e-01,4.920e-01,6.098e-01,4.228e-01,-1.244e-01,5.474e-01,-1.406e+00,-1.101e+00,-4.914e-01,-8.447e-01,2.150e-01,-8.975e-02,-1.356e-02,5.128e-01,3.189e-01,-4.291e-01,-1.105e-01,-8.170e-01,1.414e-02,2.219e-01,-4.291e-01,5.682e-01,9.907e-01,1.995e+00,1.379e+00,6.998e-01,7.344e-01,5.821e-01,8.522e-01,1.801e+00,2.113e+00,3.609e+00,-6.204e-02,1.011e+00,-2.283e-01,-1.717e+00
-1.382e-01,7.217e-03,1.596e-01,6.262e-02,-2.767e-01,4.782e-01,7.621e-01,-1.731e+00,-1.468e+00,-5.884e-01,-3.460e-01,2.011e-01,1.042e-01,-3.599e-01,4.877e-02,-3.945e-01,-1.521e-01,6.860e-01,-8.377e-01,2.799e-02,7.344e-01,4.782e-01,5.474e-01,2.981e-01,-1.798e-01,-2.741e-02,2.704e-01,7.137e-01,2.981e-01,7.760e-01,1.457e-01,9.725e-02,-6.204e-02,3.609e+00,1.801e+00,-5.053e-01,-9.278e-01
9.725e-02,1.060e+00,9.838e-01,8.591e-01,2.334e+00,7.829e-01,1.621e+00,-1.357e+00,-6.369e-01,-4.126e-02,9.491e-01,3.951e-01,5.267e-01,6.098e-01,4.297e-01,1.108e+00,-2.560e-01,7.552e-01,4.851e-01,-8.975e-02,1.804e-01,3.189e-01,3.189e-01,2.092e+00,9.353e-01,1.226e+00,9.353e-01,9.768e-01,9.007e-01,5.336e-01,9.561e-01,1.150e+00,1.011e+00,1.801e+00,3.609e+00,7.968e-01,-6.635e-03
-3.945e-01,-1.382e-01,4.297e-01,3.189e-01,-6.204e-02,-6.635e-03,1.414e-02,-1.932e+00,4.089e-01,-3.252e-01,-8.724e-01,-1.729e-01,-3.945e-01,3.397e-01,2.773e-01,9.422e-01,-4.430e-01,-4.360e-01,-9.970e-01,-4.568e-01,-3.945e-01,1.414e-02,-2.144e-01,-6.369e-01,-2.629e-01,-5.053e-01,-4.291e-01,-2.006e-01,-4.360e-01,-2.213e-01,2.912e-01,-4.637e-01,-2.283e-01,-5.053e-01,7.968e-01,3.609e+00,-1.066e+00
-1.316e+00,-1.039e+00,-7.269e-01,-7.823e-01,-1.620e+00,-7.339e-01,-8.170e-01,-2.216e+00,-1.828e+00,-1.794e+00,-1.288e+00,-1.066e+00,-1.136e+00,-6.577e-01,-4.568e-01,-1.253e+00,-1.523e+00,-9.416e-01,-1.087e+00,-1.399e+00,-1.530e+00,-4.984e-01,-1.607e+00,-1.101e+00,-1.281e+00,-1.267e+00,-9.001e-01,-1.530e+00,-1.239e+00,-1.184e+00,-1.489e+00,-1.226e+00,-1.717e+00,-9.278e-01,-6.635e-03,-1.066e+00,3.609e+00
