0.000e+00,4.260e-01,4.607e-01,4.192e-01,5.658e-01,5.825e-01,4.629e-01,1.361e-01,2.704e-01,3.360e-01,1.992e-01,5.556e-01,3.693e-01,4.192e-01,3.611e-01,3.790e-01,3.244e-01,3.693e-01,3.244e-01,3.082e-01,3.333e-01,4.714e-01,4.924e-01,3.303e-01,4.140e-01,3.612e-01,4.629e-01,4.256e-01,4.364e-01,3.734e-01,4.259e-01,4.573e-01,4.399e-01,3.121e-01,3.928e-01,4.309e-01,1.361e-01
4.260e-01,0.000e+00,7.482e-01,5.624e-01,7.387e-01,5.072e-01,7.305e-01,1.529e-01,9.934e-02,3.447e-01,3.637e-01,5.147e-01,3.146e-01,5.113e-01,5.217e-01,6.090e-01,3.650e-01,7.050e-01,3.244e-01,5.229e-01,4.260e-01,4.970e-01,6.293e-01,5.226e-01,6.551e-01,5.715e-01,6.333e-01,6.957e-01,6.592e-01,6.460e-01,6.814e-01,7.348e-01,7.497e-01,5.758e-01,7.459e-01,4.260e-01,1.109e-01
4.607e-01,7.482e-01,0.000e+00,5.614e-01,6.038e-01,6.486e-01,7.735e-01,1.170e-01,2.094e-01,4.191e-01,3.194e-01,6.457e-01,4.082e-01,5.913e-01,6.547e-01,4.863e-01,4.352e-01,8.203e-01,4.537e-01,6.379e-01,5.345e-01,5.777e-01,5.685e-01,4.714e-01,5.533e-01,4.826e-01,6.236e-01,6.547e-01,6.521e-01,6.944e-01,6.950e-01,6.008e-01,5.879e-01,6.896e-01,7.163e-01,4.009e-01,9.869e-02
4.192e-01,5.624e-01,5.614e-01,0.000e+00,5.785e-01,4.141e-01,5.722e-01,1.988e-01,3.541e-01,2.621e-01,3.347e-01,4.793e-01,2.585e-01,4.412e-01,4.287e-01,6.641e-01,2.585e-01,5.199e-01,9.583e-02,4.345e-01,3.501e-01,4.036e-01,4.137e-01,3.931e-01,4.928e-01,4.551e-01,5.177e-01,5.145e-01,6.649e-01,6.670e-01,4.299e-01,6.245e-01,6.181e-01,5.219e-01,5.855e-01,4.249e-01,5.533e-02
5.658e-01,7.387e-01,6.038e-01,5.785e-01,0.000e+00,5.624e-01,6.984e-01,5.599e-02,2.294e-01,5.037e-01,4.795e-01,4.281e-01,4.179e-01,4.393e-01,4.725e-01,6.785e-01,4.305e-01,5.093e-01,7.788e-02,5.347e-01,4.972e-01,4.036e-01,7.344e-01,5.436e-01,6.815e-01,5.944e-01,6.902e-01,6.719e-01,6.726e-01,6.088e-01,5.944e-01,7.804e-01,7.241e-01,5.063e-01,7.500e-01,3.172e-01,1.296e-02
5.825e-01,5.072e-01,6.486e-01,4.141e-01,5.624e-01,0.000e+00,5.557e-01,2.520e-01,3.502e-01,2.936e-01,2.892e-01,5.955e-01,5.096e-01,5.431e-01,4.371e-01,4.484e-01,4.587e-01,6.276e-01,4.971e-01,4.252e-01,4.454e-01,5.345e-01,4.633e-01,3.996e-01,4.638e-01,4.046e-01,4.663e-01,5.460e-01,4.723e-01,4.629e-01,4.490e-01,5.010e-01,4.929e-01,4.597e-01,5.731e-01,4.148e-01,1.800e-01
4.629e-01,7.305e-01,7.735e-01,5.722e-01,6.984e-01,5.557e-01,0.000e+00,1.617e-01,1.574e-01,3.850e-01,3.561e-01,6.170e-01,4.558e-01,5.722e-01,6.516e-01,6.080e-01,5.128e-01,7.459e-01,1.945e-01,5.689e-01,4.682e-01,5.521e-01,5.698e-01,5.069e-01,6.354e-01,5.543e-01,6.159e-01,6.603e-01,6.854e-01,7.003e-01,5.543e-01,6.864e-01,6.752e-01,6.833e-01,6.847e-01,4.469e-01,3.742e-02
1.361e-01,1.529e-01,1.170e-01,1.988e-01,5.599e-02,2.520e-01,1.617e-01,0.000e+00,0.000e+00,1.829e-01,9.759e-02,4.233e-02,1.111e-01,1.005e-01,7.912e-02,0.000e+00,6.950e-02,1.204e-01,8.909e-02,9.245e-02,7.647e-02,1.294e-01,1.529e-01,1.054e-01,0.000e+00,7.647e-02,1.361e-01,6.950e-02,8.909e-02,1.400e-01,0.000e+00,6.086e-02,0.000e+00,3.901e-02,0.000e+00,0.000e+00,0.000e+00
2.704e-01,9.934e-02,2.094e-01,3.541e-01,2.294e-01,3.502e-01,1.574e-01,0.000e+00,0.000e+00,1.574e-01,1.097e-01,2.678e-01,3.086e-01,1.391e-01,1.026e-01,4.499e-01,4.499e-02,9.270e-02,2.149e-02,1.209e-02,3.722e-02,3.086e-01,2.163e-01,2.294e-01,2.233e-01,1.412e-01,1.814e-02,9.934e-02,6.131e-02,6.131e-02,2.868e-01,8.346e-02,1.416e-01,0.000e+00,2.294e-01,5.678e-01,0.000e+00
3.360e-01,3.447e-01,4.191e-01,2.621e-01,5.037e-01,2.936e-01,3.850e-01,1.829e-01,1.574e-01,0.000e+00,4.360e-01,2.706e-01,1.551e-01,2.285e-01,2.646e-01,3.130e-01,2.043e-01,2.614e-01,1.194e-01,5.041e-01,2.100e-01,2.537e-01,3.397e-01,2.220e-01,2.782e-01,2.427e-01,4.640e-01,3.596e-01,4.085e-01,3.567e-01,2.427e-01,4.085e-01,3.005e-01,2.798e-01,3.017e-01,2.240e-01,1.210e-02
1.992e-01,3.637e-01,3.194e-01,3.347e-01,4.795e-01,2.892e-01,3.561e-01,9.759e-02,1.097e-01,4.360e-01,0.000e+00,2.567e-01,1.471e-01,2.510e-01,2.440e-01,3.624e-01,2.115e-01,2.959e-01,4.518e-02,4.374e-01,1.992e-01,2.392e-01,3.944e-01,3.027e-01,3.299e-01,2.878e-01,4.781e-01,3.253e-01,3.733e-01,4.236e-01,2.878e-01,4.254e-01,3.506e-01,3.427e-01,3.756e-01,1.992e-01,0.000e+00
5.556e-01,5.147e-01,6.457e-01,4.793e-01,4.281e-01,5.955e-01,6.170e-01,4.233e-02,2.678e-01,2.706e-01,2.567e-01,0.000e+00,5.866e-01,5.717e-01,7.398e-01,3.663e-01,3.114e-01,6.180e-01,5.215e-01,5.126e-01,5.244e-01,5.660e-01,3.836e-01,5.164e-01,4.446e-01,4.739e-01,4.027e-01,6.838e-01,5.109e-01,5.231e-01,4.568e-01,4.802e-01,4.724e-01,5.580e-01,5.181e-01,4.216e-01,5.143e-02
3.693e-01,3.146e-01,4.082e-01,2.585e-01,4.179e-01,5.096e-01,4.558e-01,1.111e-01,3.086e-01,1.551e-01,1.471e-01,5.866e-01,0.000e+00,4.163e-01,4.796e-01,2.799e-01,6.364e-01,5.004e-01,4.894e-01,3.357e-01,4.768e-01,1.000e+00,3.636e-01,3.771e-01,3.058e-01,2.894e-01,5.307e-01,5.421e-01,2.883e-01,2.132e-01,3.198e-01,3.345e-01,3.249e-01,2.412e-01,2.901e-01,3.501e-01,1.336e-01
4.192e-01,5.113e-01,5.913e-01,4.412e-01,4.393e-01,5.431e-01,5.722e-01,1.005e-01,1.391e-01,2.285e-01,2.510e-01,5.717e-01,4.163e-01,0.000e+00,8.887e-01,4.459e-01,2.602e-01,5.509e-01,4.776e-01,4.233e-01,4.772e-01,5.923e-01,3.430e-01,3.237e-01,4.058e-01,3.793e-01,4.201e-01,5.378e-01,4.715e-01,4.851e-01,4.299e-01,4.757e-01,4.312e-01,4.617e-01,4.729e-01,5.251e-01,1.852e-01
3.611e-01,5.217e-01,6.547e-01,4.287e-01,4.725e-01,4.371e-01,6.516e-01,7.912e-02,1.026e-01,2.646e-01,2.440e-01,7.398e-01,4.796e-01,8.887e-01,0.000e+00,3.714e-01,2.598e-01,6.367e-01,4.401e-01,4.872e-01,4.629e-01,5.509e-01,4.167e-01,3.708e-01,4.648e-01,4.055e-01,4.082e-01,5.087e-01,5.677e-01,5.303e-01,4.055e-01,5.021e-01,4.939e-01,5.852e-01,5.252e-01,3.572e-01,1.708e-01
3.790e-01,6.090e-01,4.863e-01,6.641e-01,6.785e-01,4.484e-01,6.080e-01,0.000e+00,4.499e-01,3.130e-01,3.624e-01,3.663e-01,2.799e-01,4.459e-01,3.714e-01,0.000e+00,2.799e-01,4.504e-01,2.078e-01,3.860e-01,3.790e-01,3.642e-01,5.599e-01,4.507e-01,5.650e-01,5.476e-01,5.813e-01,5.571e-01,6.215e-01,5.909e-01,4.928e-01,6.438e-01,6.190e-01,4.781e-01,6.433e-01,5.189e-01,9.806e-02
3.244e-01,3.650e-01,4.352e-01,2.585e-01,4.305e-01,4.587e-01,5.128e-01,6.950e-02,4.499e-02,2.043e-01,2.115e-01,3.114e-01,6.364e-01,2.602e-01,2.598e-01,2.799e-01,0.000e+00,3.138e-01,2.762e-01,4.274e-01,4.305e-01,3.482e-01,5.740e-01,3.015e-01,3.058e-01,2.667e-01,3.264e-01,4.558e-01,4.335e-01,4.335e-01,3.198e-01,3.345e-01,3.249e-01,3.476e-01,3.118e-01,1.482e-01,3.217e-02
3.693e-01,7.050e-01,8.203e-01,5.199e-01,5.093e-01,6.276e-01,7.459e-01,1.204e-01,9.270e-02,2.614e-01,2.959e-01,6.180e-01,5.004e-01,5.509e-01,6.367e-01,4.504e-01,3.138e-01,0.000e+00,7.175e-01,5.908e-01,5.800e-01,6.483e-01,5.500e-01,4.251e-01,5.125e-01,4.470e-01,4.951e-01,6.468e-01,6.088e-01,6.872e-01,4.470e-01,6.121e-01,5.445e-01,7.239e-01,6.847e-01,3.713e-01,1.396e-01
3.244e-01,3.244e-01,4.537e-01,9.583e-02,7.788e-02,4.971e-01,1.945e-01,8.909e-02,2.149e-02,1.194e-01,4.518e-02,5.215e-01,4.894e-01,4.776e-01,4.401e-01,2.078e-01,2.762e-01,7.175e-01,0.000e+00,3.455e-01,5.774e-01,6.641e-01,3.646e-01,3.244e-01,2.932e-01,2.343e-01,3.998e-01,5.948e-01,2.124e-01,1.010e-01,1.953e-01,3.306e-01,9.600e-02,2.119e-01,2.039e-01,7.080e-02,8.248e-02
3.082e-01,5.229e-01,6.379e-01,4.345e-01,5.347e-01,4.252e-01,5.689e-01,9.245e-02,1.209e-02,5.041e-01,4.374e-01,5.126e-01,3.357e-01,4.233e-01,4.872e-01,3.860e-01,4.274e-01,5.908e-01,3.455e-01,0.000e+00,6.498e-01,4.841e-01,6.156e-01,3.920e-01,4.662e-01,4.616e-01,5.750e-01,6.086e-01,5.279e-01,5.282e-01,4.396e-01,5.171e-01,4.550e-01,5.322e-01,5.203e-01,3.050e-01,1.260e-01
3.333e-01,4.260e-01,5.345e-01,3.501e-01,4.972e-01,4.454e-01,4.682e-01,7.647e-02,3.722e-02,2.100e-01,1.992e-01,5.244e-01,4.768e-01,4.772e-01,4.629e-01,3.790e-01,4.305e-01,5.800e-01,5.774e-01,6.498e-01,0.000e+00,6.816e-01,5.263e-01,3.853e-01,4.830e-01,4.736e-01,6.925e-01,7.961e-01,5.455e-01,4.573e-01,4.815e-01,5.963e-01,5.133e-01,4.300e-01,4.288e-01,2.500e-01,3.540e-02
4.714e-01,4.970e-01,5.777e-01,4.036e-01,4.036e-01,5.345e-01,5.521e-01,1.294e-01,3.086e-01,2.537e-01,2.392e-01,5.660e-01,1.000e+00,5.923e-01,5.509e-01,3.642e-01,3.482e-01,6.483e-01,6.641e-01,4.841e-01,6.816e-01,0.000e+00,4.260e-01,4.099e-01,4.309e-01,3.904e-01,4.596e-01,7.960e-01,4.571e-01,4.854e-01,4.193e-01,4.655e-01,4.403e-01,5.705e-01,5.284e-01,4.330e-01,2.552e-01
4.924e-01,6.293e-01,5.685e-01,4.137e-01,7.344e-01,4.633e-01,5.698e-01,1.529e-01,2.163e-01,3.397e-01,3.944e-01,3.836e-01,3.636e-01,3.430e-01,4.167e-01,5.599e-01,5.740e-01,5.500e-01,3.646e-01,6.156e-01,5.263e-01,4.260e-01,0.000e+00,4.879e-01,6.116e-01,5.335e-01,6.159e-01,6.030e-01,1.000e+00,1.000e+00,5.335e-01,6.690e-01,6.498e-01,4.629e-01,5.803e-01,4.082e-01,1.166e-01
3.303e-01,5.226e-01,4.714e-01,3.931e-01,5.436e-01,3.996e-01,5.069e-01,1.054e-01,2.294e-01,2.220e-01,3.027e-01,5.164e-01,3.771e-01,3.237e-01,3.708e-01,4.507e-01,3.015e-01,4.251e-01,3.244e-01,3.920e-01,3.853e-01,4.099e-01,4.879e-01,0.000e+00,7.977e-01,7.157e-01,5.879e-01,6.299e-01,4.674e-01,4.291e-01,5.766e-01,6.155e-01,6.539e-01,4.936e-01,5.449e-01,2.722e-01,0.000e+00
4.140e-01,6.551e-01,5.533e-01,4.928e-01,6.815e-01,4.638e-01,6.354e-01,0.000e+00,2.233e-01,2.782e-01,3.299e-01,4.446e-01,3.058e-01,4.058e-01,4.648e-01,5.650e-01,3.058e-01,5.125e-01,2.932e-01,4.662e-01,4.830e-01,4.309e-01,6.116e-01,7.977e-01,0.000e+00,8.972e-01,7.370e-01,6.211e-01,5.657e-01,5.379e-01,7.227e-01,7.715e-01,8.197e-01,5.083e-01,6.831e-01,3.105e-01,0.000e+00
3.612e-01,5.715e-01,4.826e-01,4.551e-01,5.944e-01,4.046e-01,5.543e-01,7.647e-02,1.412e-01,2.427e-01,2.878e-01,4.739e-01,2.894e-01,3.793e-01,4.055e-01,5.476e-01,2.667e-01,4.470e-01,2.343e-01,4.616e-01,4.736e-01,3.904e-01,5.335e-01,7.157e-01,8.972e-01,0.000e+00,6.923e-01,6.320e-01,4.934e-01,4.692e-01,6.522e-01,7.082e-01,7.150e-01,4.819e-01,6.526e-01,3.311e-01,0.000e+00
4.629e-01,6.333e-01,6.236e-01,5.177e-01,6.902e-01,4.663e-01,6.159e-01,1.361e-01,1.814e-02,4.640e-01,4.781e-01,4.027e-01,5.307e-01,4.201e-01,4.082e-01,5.813e-01,3.264e-01,4.951e-01,3.998e-01,5.750e-01,6.925e-01,4.596e-01,6.159e-01,5.879e-01,7.370e-01,6.923e-01,0.000e+00,7.988e-01,6.574e-01,5.534e-01,6.923e-01,8.165e-01,7.229e-01,5.335e-01,7.316e-01,2.967e-01,9.759e-02
4.256e-01,6.957e-01,6.547e-01,5.145e-01,6.719e-01,5.460e-01,6.603e-01,6.950e-02,9.934e-02,3.596e-01,3.253e-01,6.838e-01,5.421e-01,5.378e-01,5.087e-01,5.571e-01,4.558e-01,6.468e-01,5.948e-01,6.086e-01,7.961e-01,7.960e-01,6.030e-01,6.299e-01,6.211e-01,6.320e-01,7.988e-01,0.000e+00,5.976e-01,5.893e-01,6.019e-01,6.708e-01,6.586e-01,6.632e-01,6.565e-01,3.402e-01,3.150e-02
4.364e-01,6.592e-01,6.521e-01,6.649e-01,6.726e-01,4.723e-01,6.854e-01,8.909e-02,6.131e-02,4.085e-01,3.733e-01,5.109e-01,2.883e-01,4.715e-01,5.677e-01,6.215e-01,4.335e-01,6.088e-01,2.124e-01,5.279e-01,5.455e-01,4.571e-01,1.000e+00,4.674e-01,5.657e-01,4.934e-01,6.574e-01,5.976e-01,0.000e+00,1.000e+00,4.934e-01,6.581e-01,6.375e-01,6.292e-01,6.441e-01,3.660e-01,1.166e-01
3.734e-01,6.460e-01,6.944e-01,6.670e-01,6.088e-01,4.629e-01,7.003e-01,1.400e-01,6.131e-02,3.567e-01,4.236e-01,5.231e-01,2.132e-01,4.851e-01,5.303e-01,5.909e-01,4.335e-01,6.872e-01,1.010e-01,5.282e-01,4.573e-01,4.854e-01,1.000e+00,4.291e-01,5.379e-01,4.692e-01,5.534e-01,5.893e-01,1.000e+00,0.000e+00,4.692e-01,7.300e-01,5.893e-01,6.207e-01,6.499e-01,3.608e-01,1.166e-01
4.259e-01,6.814e-01,6.950e-01,4.299e-01,5.944e-01,4.490e-01,5.543e-01,0.000e+00,2.868e-01,2.427e-01,2.878e-01,4.568e-01,3.198e-01,4.299e-01,4.055e-01,4.928e-01,3.198e-01,4.470e-01,1.953e-01,4.396e-01,4.815e-01,4.193e-01,5.335e-01,5.766e-01,7.227e-01,6.522e-01,6.923e-01,6.019e-01,4.934e-01,4.692e-01,0.000e+00,7.268e-01,7.415e-01,4.530e-01,5.959e-01,4.514e-01,0.000e+00
4.573e-01,7.348e-01,6.008e-01,6.245e-01,7.804e-01,5.010e-01,6.864e-01,6.086e-02,8.346e-02,4.085e-01,4.254e-01,4.802e-01,3.345e-01,4.757e-01,5.021e-01,6.438e-01,3.345e-01,6.121e-01,3.306e-01,5.171e-01,5.963e-01,4.655e-01,6.690e-01,6.155e-01,7.715e-01,7.082e-01,8.165e-01,6.708e-01,6.581e-01,7.300e-01,7.268e-01,0.000e+00,7.870e-01,5.610e-01,7.379e-01,3.680e-01,8.248e-02
4.399e-01,7.497e-01,5.879e-01,6.181e-01,7.241e-01,4.929e-01,6.752e-01,0.000e+00,1.416e-01,3.005e-01,3.506e-01,4.724e-01,3.249e-01,4.312e-01,4.939e-01,6.190e-01,3.249e-01,5.445e-01,9.600e-02,4.550e-01,5.133e-01,4.403e-01,6.498e-01,6.539e-01,8.197e-01,7.150e-01,7.229e-01,6.586e-01,6.375e-01,5.893e-01,7.415e-01,7.870e-01,0.000e+00,5.255e-01,6.567e-01,3.300e-01,0.000e+00
3.121e-01,5.758e-01,6.896e-01,5.219e-01,5.063e-01,4.597e-01,6.833e-01,3.901e-02,0.000e+00,2.798e-01,3.427e-01,5.580e-01,2.412e-01,4.617e-01,5.852e-01,4.781e-01,3.476e-01,7.239e-01,2.119e-01,5.322e-01,4.300e-01,5.705e-01,4.629e-01,4.936e-01,5.083e-01,4.819e-01,5.335e-01,6.632e-01,6.292e-01,6.207e-01,4.530e-01,5.610e-01,5.255e-01,0.000e+00,6.301e-01,3.584e-01,1.806e-02
3.928e-01,7.459e-01,7.163e-01,5.855e-01,7.500e-01,5.731e-01,6.847e-01,0.000e+00,2.294e-01,3.017e-01,3.756e-01,5.181e-01,2.901e-01,4.729e-01,5.252e-01,6.433e-01,3.118e-01,6.847e-01,2.039e-01,5.203e-01,4.288e-01,5.284e-01,5.803e-01,5.449e-01,6.831e-01,6.526e-01,7.316e-01,6.565e-01,6.441e-01,6.499e-01,5.959e-01,7.379e-01,6.567e-01,6.301e-01,0.000e+00,3.536e-01,0.000e+00
4.309e-01,4.260e-01,4.009e-01,4.249e-01,3.172e-01,4.148e-01,4.469e-01,0.000e+00,5.678e-01,2.240e-01,1.992e-01,4.216e-01,3.501e-01,5.251e-01,3.572e-01,5.189e-01,1.482e-01,3.713e-01,7.080e-02,3.050e-01,2.500e-01,4.330e-01,4.082e-01,2.722e-01,3.105e-01,3.311e-01,2.967e-01,3.402e-01,3.660e-01,3.608e-01,4.514e-01,3.680e-01,3.300e-01,3.584e-01,3.536e-01,0.000e+00,8.909e-02
1.361e-01,1.109e-01,9.869e-02,5.533e-02,1.296e-02,1.800e-01,3.742e-02,0.000e+00,0.000e+00,1.210e-02,0.000e+00,5.143e-02,1.336e-01,1.852e-01,1.708e-01,9.806e-02,3.217e-02,1.396e-01,8.248e-02,1.260e-01,3.540e-02,2.552e-01,1.166e-01,0.000e+00,0.000e+00,0.000e+00,9.759e-02,3.150e-02,1.166e-01,1.166e-01,0.000e+00,8.248e-02,0.000e+00,1.806e-02,0.000e+00,8.909e-02,0.000e+00
