-2.032e+00,-1.607e-02,1.480e-01,-4.818e-02,6.452e-01,7.245e-01,1.585e-01,-1.388e+00,-7.524e-01,-4.418e-01,-1.089e+00,5.968e-01,-2.845e-01,-4.818e-02,-3.231e-01,-2.382e-01,-4.970e-01,-2.845e-01,-4.966e-01,-5.736e-01,-4.545e-01,1.987e-01,2.979e-01,-4.689e-01,-7.269e-02,-3.229e-01,1.585e-01,-1.786e-02,3.327e-02,-2.649e-01,-1.637e-02,1.321e-01,4.986e-02,-5.549e-01,-1.730e-01,7.218e-03,-1.388e+00
-1.607e-02,-2.032e+00,1.508e+00,6.294e-01,1.463e+00,3.683e-01,1.424e+00,-1.308e+00,-1.562e+00,-4.007e-01,-3.109e-01,4.033e-01,-5.430e-01,3.875e-01,4.369e-01,8.497e-01,-3.048e-01,1.304e+00,-4.966e-01,4.423e-01,-1.607e-02,3.198e-01,9.455e-01,4.410e-01,1.068e+00,6.721e-01,9.648e-01,1.260e+00,1.087e+00,1.025e+00,1.192e+00,1.445e+00,1.515e+00,6.925e-01,1.497e+00,-1.607e-02,-1.507e+00
1.480e-01,1.508e+00,-2.032e+00,6.243e-01,8.251e-01,1.037e+00,1.628e+00,-1.478e+00,-1.041e+00,-4.884e-02,-5.202e-01,1.024e+00,-1.001e-01,7.660e-01,1.066e+00,2.690e-01,2.740e-02,1.850e+00,1.152e-01,9.862e-01,4.973e-01,7.018e-01,6.582e-01,1.987e-01,5.861e-01,2.518e-01,9.188e-01,1.066e+00,1.053e+00,1.254e+00,1.257e+00,8.107e-01,7.498e-01,1.231e+00,1.357e+00,-1.349e-01,-1.565e+00
-4.818e-02,6.294e-01,6.243e-01,-2.032e+00,7.054e-01,-7.222e-02,6.754e-01,-1.091e+00,-3.563e-01,-7.913e-01,-4.479e-01,2.361e-01,-8.083e-01,5.570e-02,-3.106e-03,1.110e+00,-8.083e-01,4.283e-01,-1.578e+00,2.393e-02,-3.753e-01,-1.221e-01,-7.443e-02,-1.716e-01,3.000e-01,1.218e-01,4.177e-01,4.026e-01,1.114e+00,1.124e+00,2.178e-03,9.231e-01,8.928e-01,4.375e-01,7.385e-01,-2.122e-02,-1.770e+00
6.452e-01,1.463e+00,8.251e-01,7.054e-01,-2.032e+00,6.291e-01,1.273e+00,-1.767e+00,-9.461e-01,3.513e-01,2.371e-01,-6.379e-03,-5.463e-02,4.700e-02,2.037e-01,1.178e+00,5.274e-03,3.779e-01,-1.663e+00,4.980e-01,3.207e-01,-1.222e-01,1.443e+00,5.404e-01,1.193e+00,7.808e-01,1.234e+00,1.147e+00,1.151e+00,8.486e-01,7.808e-01,1.661e+00,1.394e+00,3.637e-01,1.517e+00,-5.309e-01,-1.970e+00
7.245e-01,3.683e-01,1.037e+00,-7.222e-02,6.291e-01,-2.032e+00,5.976e-01,-8.394e-01,-3.745e-01,-6.426e-01,-6.632e-01,7.858e-01,3.796e-01,5.378e-01,3.635e-02,8.997e-02,1.385e-01,9.379e-01,3.203e-01,-1.968e-02,7.585e-02,4.973e-01,1.605e-01,-1.409e-01,1.629e-01,-1.174e-01,1.747e-01,5.517e-01,2.029e-01,1.585e-01,9.278e-02,3.387e-01,3.002e-01,1.435e-01,6.797e-01,-6.918e-02,-1.180e+00
1.585e-01,1.424e+00,1.628e+00,6.754e-01,1.273e+00,5.976e-01,-2.032e+00,-1.267e+00,-1.287e+00,-2.102e-01,-3.468e-01,8.877e-01,1.251e-01,6.754e-01,1.051e+00,8.450e-01,3.947e-01,1.498e+00,-1.112e+00,6.598e-01,1.835e-01,5.803e-01,6.642e-01,3.667e-01,9.748e-01,5.908e-01,8.822e-01,1.092e+00,1.211e+00,1.282e+00,5.908e-01,1.216e+00,1.163e+00,1.201e+00,1.208e+00,8.282e-02,-1.854e+00
-1.388e+00,-1.308e+00,-1.478e+00,-1.091e+00,-1.767e+00,-8.394e-01,-1.267e+00,-2.032e+00,-2.032e+00,-1.166e+00,-1.570e+00,-1.831e+00,-1.506e+00,-1.556e+00,-1.657e+00,-2.032e+00,-1.703e+00,-1.462e+00,-1.610e+00,-1.594e+00,-1.670e+00,-1.420e+00,-1.308e+00,-1.533e+00,-2.032e+00,-1.670e+00,-1.388e+00,-1.703e+00,-1.610e+00,-1.369e+00,-2.032e+00,-1.744e+00,-2.032e+00,-1.847e+00,-2.032e+00,-2.032e+00,-2.032e+00
-7.524e-01,-1.562e+00,-1.041e+00,-3.563e-01,-9.461e-01,-3.745e-01,-1.287e+00,-2.032e+00,-2.032e+00,-1.287e+00,-1.513e+00,-7.644e-01,-5.715e-01,-1.373e+00,-1.546e+00,9.707e-02,-1.819e+00,-1.593e+00,-1.930e+00,-1.974e+00,-1.855e+00,-5.715e-01,-1.008e+00,-9.461e-01,-9.751e-01,-1.364e+00,-1.946e+00,-1.562e+00,-1.741e+00,-1.741e+00,-6.748e-01,-1.637e+00,-1.362e+00,-2.032e+00,-9.461e-01,6.546e-01,-2.032e+00
-4.418e-01,-4.007e-01,-4.884e-02,-7.913e-01,3.513e-01,-6.426e-01,-2.102e-01,-1.166e+00,-1.287e+00,-2.032e+00,3.137e-02,-7.514e-01,-1.298e+00,-9.503e-01,-7.799e-01,-5.509e-01,-1.065e+00,-7.948e-01,-1.467e+00,3.533e-01,-1.038e+00,-8.315e-01,-4.245e-01,-9.814e-01,-7.151e-01,-8.833e-01,1.637e-01,-3.303e-01,-9.881e-02,-3.438e-01,-8.833e-01,-9.881e-02,-6.099e-01,-7.077e-01,-6.041e-01,-9.717e-01,-1.974e+00
-1.089e+00,-3.109e-01,-5.202e-01,-4.479e-01,2.371e-01,-6.632e-01,-3.468e-01,-1.570e+00,-1.513e+00,3.137e-02,-2.032e+00,-8.171e-01,-1.335e+00,-8.438e-01,-8.773e-01,-3.168e-01,-1.031e+00,-6.318e-01,-1.818e+00,3.784e-02,-1.089e+00,-8.997e-01,-1.656e-01,-5.996e-01,-4.707e-01,-6.700e-01,2.303e-01,-4.925e-01,-2.656e-01,-2.733e-02,-6.700e-01,-1.901e-02,-3.730e-01,-4.104e-01,-2.544e-01,-1.089e+00,-2.032e+00
5.968e-01,4.033e-01,1.024e+00,2.361e-01,-6.379e-03,7.858e-01,8.877e-01,-1.831e+00,-7.644e-01,-7.514e-01,-8.171e-01,-2.032e+00,7.437e-01,6.730e-01,1.468e+00,-2.984e-01,-5.583e-01,8.924e-01,4.356e-01,3.935e-01,4.496e-01,6.462e-01,-2.167e-01,4.116e-01,7.197e-02,2.104e-01,-1.264e-01,1.203e+00,3.855e-01,4.434e-01,1.298e-01,2.405e-01,2.036e-01,6.084e-01,4.195e-01,-3.674e-02,-1.788e+00
-2.845e-01,-5.430e-01,-1.001e-01,-8.083e-01,-5.463e-02,3.796e-01,1.251e-01,-1.506e+00,-5.715e-01,-1.298e+00,-1.335e+00,7.437e-01,-2.032e+00,-6.183e-02,2.376e-01,-7.071e-01,9.791e-01,3.361e-01,2.839e-01,-4.435e-01,2.244e-01,2.700e+00,-3.111e-01,-2.473e-01,-5.848e-01,-6.622e-01,4.793e-01,5.332e-01,-6.676e-01,-1.023e+00,-5.185e-01,-4.490e-01,-4.943e-01,-8.904e-01,-6.589e-01,-3.753e-01,-1.399e+00
-4.818e-02,3.875e-01,7.660e-01,5.570e-02,4.700e-02,5.378e-01,6.754e-01,-1.556e+00,-1.373e+00,-9.503e-01,-8.438e-01,6.730e-01,-6.183e-02,-2.032e+00,2.173e+00,7.782e-02,-8.003e-01,5.749e-01,2.279e-01,-2.877e-02,2.262e-01,7.706e-01,-4.088e-01,-4.999e-01,-1.115e-01,-2.371e-01,-4.409e-02,5.130e-01,1.989e-01,2.634e-01,2.178e-03,2.188e-01,8.638e-03,1.526e-01,2.058e-01,4.528e-01,-1.155e+00
-3.231e-01,4.369e-01,1.066e+00,-3.106e-03,2.037e-01,3.635e-02,1.051e+00,-1.657e+00,-1.546e+00,-7.799e-01,-8.773e-01,1.468e+00,2.376e-01,2.173e+00,-2.032e+00,-2.745e-01,-8.022e-01,9.805e-01,5.080e-02,2.733e-01,1.583e-01,5.750e-01,-6.026e-02,-2.772e-01,1.676e-01,-1.133e-01,-1.001e-01,3.753e-01,6.544e-01,4.775e-01,-1.133e-01,3.438e-01,3.052e-01,7.371e-01,4.533e-01,-3.415e-01,-1.224e+00
-2.382e-01,8.497e-01,2.690e-01,1.110e+00,1.178e+00,8.997e-02,8.450e-01,-2.032e+00,9.707e-02,-5.509e-01,-3.168e-01,-2.984e-01,-7.071e-01,7.782e-02,-2.745e-01,-2.032e+00,-7.071e-01,9.923e-02,-1.048e+00,-2.054e-01,-2.382e-01,-3.086e-01,6.174e-01,1.008e-01,6.415e-01,5.591e-01,7.187e-01,6.041e-01,9.086e-01,7.639e-01,3.001e-01,1.014e+00,8.969e-01,2.306e-01,1.012e+00,4.233e-01,-1.568e+00
-4.970e-01,-3.048e-01,2.740e-02,-8.083e-01,5.274e-03,1.385e-01,3.947e-01,-1.703e+00,-1.819e+00,-1.065e+00,-1.031e+00,-5.583e-01,9.791e-01,-8.003e-01,-8.022e-01,-7.071e-01,-2.032e+00,-5.470e-01,-7.249e-01,-9.486e-03,5.324e-03,-3.844e-01,6.843e-01,-6.051e-01,-5.848e-01,-7.696e-01,-4.874e-01,1.251e-01,1.920e-02,1.920e-02,-5.185e-01,-4.490e-01,-4.943e-01,-3.871e-01,-5.563e-01,-1.330e+00,-1.879e+00
-2.845e-01,1.304e+00,1.850e+00,4.283e-01,3.779e-01,9.379e-01,1.498e+00,-1.462e+00,-1.593e+00,-7.948e-01,-6.318e-01,8.924e-01,3.361e-01,5.749e-01,9.805e-01,9.923e-02,-5.470e-01,-2.032e+00,1.363e+00,7.635e-01,7.124e-01,1.036e+00,5.706e-01,-2.014e-02,3.929e-01,8.325e-02,3.107e-01,1.028e+00,8.485e-01,1.220e+00,8.325e-02,8.641e-01,5.446e-01,1.393e+00,1.208e+00,-2.749e-01,-1.371e+00
-4.966e-01,-4.966e-01,1.152e-01,-1.578e+00,-1.663e+00,3.203e-01,-1.112e+00,-1.610e+00,-1.930e+00,-1.467e+00,-1.818e+00,4.356e-01,2.839e-01,2.279e-01,5.080e-02,-1.048e+00,-7.249e-01,1.363e+00,-2.032e+00,-3.968e-01,6.999e-01,1.110e+00,-3.064e-01,-4.966e-01,-6.444e-01,-9.228e-01,-1.399e-01,7.826e-01,-1.027e+00,-1.554e+00,-1.108e+00,-4.673e-01,-1.577e+00,-1.029e+00,-1.067e+00,-1.697e+00,-1.641e+00
-5.736e-01,4.423e-01,9.862e-01,2.393e-02,4.980e-01,-1.968e-02,6.598e-01,-1.594e+00,-1.974e+00,3.533e-01,3.784e-02,3.935e-01,-4.435e-01,-2.877e-02,2.733e-01,-2.054e-01,-9.486e-03,7.635e-01,-3.968e-01,-2.032e+00,1.043e+00,2.587e-01,8.808e-01,-1.771e-01,1.739e-01,1.522e-01,6.888e-01,8.477e-01,4.662e-01,4.675e-01,4.818e-02,4.150e-01,1.211e-01,4.863e-01,4.300e-01,-5.887e-01,-1.435e+00
-4.545e-01,-1.607e-02,4.973e-01,-3.753e-01,3.207e-01,7.585e-02,1.835e-01,-1.670e+00,-1.855e+00,-1.038e+00,-1.089e+00,4.496e-01,2.244e-01,2.262e-01,1.583e-01,-2.382e-01,5.324e-03,7.124e-01,6.999e-01,1.043e+00,-2.032e+00,1.193e+00,4.585e-01,-2.085e-01,2.538e-01,2.089e-01,1.245e+00,1.735e+00,5.495e-01,1.321e-01,2.467e-01,7.895e-01,3.968e-01,2.998e-03,-2.640e-03,-8.488e-01,-1.864e+00
1.987e-01,3.198e-01,7.018e-01,-1.221e-01,-1.222e-01,4.973e-01,5.803e-01,-1.420e+00,-5.715e-01,-8.315e-01,-8.997e-01,6.462e-01,2.700e+00,7.706e-01,5.750e-01,-3.086e-01,-3.844e-01,1.036e+00,1.110e+00,2.587e-01,1.193e+00,-2.032e+00,-1.603e-02,-9.233e-02,7.299e-03,-1.847e-01,1.427e-01,1.734e+00,1.310e-01,2.647e-01,-4.790e-02,1.707e-01,5.152e-02,6.676e-01,4.683e-01,1.708e-02,-8.244e-01
2.979e-01,9.455e-01,6.582e-01,-7.443e-02,1.443e+00,1.605e-01,6.642e-01,-1.308e+00,-1.008e+00,-4.245e-01,-1.656e-01,-2.167e-01,-3.111e-01,-4.088e-01,-6.026e-02,6.174e-01,6.843e-01,5.706e-01,-3.064e-01,8.808e-01,4.585e-01,-1.603e-02,-2.032e+00,2.766e-01,8.619e-01,4.923e-01,8.822e-01,8.214e-01,2.700e+00,2.700e+00,4.923e-01,1.134e+00,1.043e+00,1.585e-01,7.137e-01,-1.001e-01,-1.480e+00
-4.689e-01,4.410e-01,1.987e-01,-1.716e-01,5.404e-01,-1.409e-01,3.667e-01,-1.533e+00,-9.461e-01,-9.814e-01,-5.996e-01,4.116e-01,-2.473e-01,-4.999e-01,-2.772e-01,1.008e-01,-6.051e-01,-2.014e-02,-4.966e-01,-1.771e-01,-2.085e-01,-9.233e-02,2.766e-01,-2.032e+00,1.743e+00,1.355e+00,7.501e-01,9.488e-01,1.797e-01,-1.632e-03,6.962e-01,8.802e-01,1.062e+00,3.038e-01,5.467e-01,-7.439e-01,-2.032e+00
-7.269e-02,1.068e+00,5.861e-01,3.000e-01,1.193e+00,1.629e-01,9.748e-01,-2.032e+00,-9.751e-01,-7.151e-01,-4.707e-01,7.197e-02,-5.848e-01,-1.115e-01,1.676e-01,6.415e-01,-5.848e-01,3.929e-01,-6.444e-01,1.739e-01,2.538e-01,7.299e-03,8.619e-01,1.743e+00,-2.032e+00,2.213e+00,1.455e+00,9.067e-01,6.448e-01,5.131e-01,1.388e+00,1.619e+00,1.846e+00,3.732e-01,1.200e+00,-5.624e-01,-2.032e+00
-3.229e-01,6.721e-01,2.518e-01,1.218e-01,7.808e-01,-1.174e-01,5.908e-01,-1.670e+00,-1.364e+00,-8.833e-01,-6.700e-01,2.104e-01,-6.622e-01,-2.371e-01,-1.133e-01,5.591e-01,-7.696e-01,8.325e-02,-9.228e-01,1.522e-01,2.089e-01,-1.847e-01,4.923e-01,1.355e+00,2.213e+00,-2.032e+00,1.244e+00,9.586e-01,3.029e-01,1.881e-01,1.054e+00,1.319e+00,1.351e+00,2.485e-01,1.056e+00,-4.653e-01,-2.032e+00
1.585e-01,9.648e-01,9.188e-01,4.177e-01,1.234e+00,1.747e-01,8.822e-01,-1.388e+00,-1.946e+00,1.637e-01,2.303e-01,-1.264e-01,4.793e-01,-4.409e-02,-1.001e-01,7.187e-01,-4.874e-01,3.107e-01,-1.399e-01,6.888e-01,1.245e+00,1.427e-01,8.822e-01,7.501e-01,1.455e+00,1.244e+00,-2.032e+00,1.747e+00,1.079e+00,5.866e-01,1.244e+00,1.831e+00,1.389e+00,4.927e-01,1.430e+00,-6.279e-01,-1.570e+00
-1.786e-02,1.260e+00,1.066e+00,4.026e-01,1.147e+00,5.517e-01,1.092e+00,-1.703e+00,-1.562e+00,-3.303e-01,-4.925e-01,1.203e+00,5.332e-01,5.130e-01,3.753e-01,6.041e-01,1.251e-01,1.028e+00,7.826e-01,8.477e-01,1.735e+00,1.734e+00,8.214e-01,9.488e-01,9.067e-01,9.586e-01,1.747e+00,-2.032e+00,7.958e-01,7.563e-01,8.162e-01,1.142e+00,1.084e+00,1.106e+00,1.075e+00,-4.220e-01,-1.883e+00
3.327e-02,1.087e+00,1.053e+00,1.114e+00,1.151e+00,2.029e-01,1.211e+00,-1.610e+00,-1.741e+00,-9.881e-02,-2.656e-01,3.855e-01,-6.676e-01,1.989e-01,6.544e-01,9.086e-01,1.920e-02,8.485e-01,-1.027e+00,4.662e-01,5.495e-01,1.310e-01,2.700e+00,1.797e-01,6.448e-01,3.029e-01,1.079e+00,7.958e-01,-2.032e+00,2.700e+00,3.029e-01,1.082e+00,9.843e-01,9.452e-01,1.016e+00,-3.001e-01,-1.480e+00
-2.649e-01,1.025e+00,1.254e+00,1.124e+00,8.486e-01,1.585e-01,1.282e+00,-1.369e+00,-1.741e+00,-3.438e-01,-2.733e-02,4.434e-01,-1.023e+00,2.634e-01,4.775e-01,7.639e-01,1.920e-02,1.220e+00,-1.554e+00,4.675e-01,1.321e-01,2.647e-01,2.700e+00,-1.632e-03,5.131e-01,1.881e-01,5.866e-01,7.563e-01,2.700e+00,-2.032e+00,1.881e-01,1.422e+00,7.563e-01,9.051e-01,1.043e+00,-3.244e-01,-1.480e+00
-1.637e-02,1.192e+00,1.257e+00,2.178e-03,7.808e-01,9.278e-02,5.908e-01,-2.032e+00,-6.748e-01,-8.833e-01,-6.700e-01,1.298e-01,-5.185e-01,2.178e-03,-1.133e-01,3.001e-01,-5.185e-01,8.325e-02,-1.108e+00,4.818e-02,2.467e-01,-4.790e-02,4.923e-01,6.962e-01,1.388e+00,1.054e+00,1.244e+00,8.162e-01,3.029e-01,1.881e-01,-2.032e+00,1.407e+00,1.476e+00,1.117e-01,7.876e-01,1.043e-01,-2.032e+00
1.321e-01,1.445e+00,8.107e-01,9.231e-01,1.661e+00,3.387e-01,1.216e+00,-1.744e+00,-1.637e+00,-9.881e-02,-1.901e-02,2.405e-01,-4.490e-01,2.188e-01,3.438e-01,1.014e+00,-4.490e-01,8.641e-01,-4.673e-01,4.150e-01,7.895e-01,1.707e-01,1.134e+00,8.802e-01,1.619e+00,1.319e+00,1.831e+00,1.142e+00,1.082e+00,1.422e+00,1.407e+00,-2.032e+00,1.692e+00,6.224e-01,1.459e+00,-2.905e-01,-1.641e+00
4.986e-02,1.515e+00,7.498e-01,8.928e-01,1.394e+00,3.002e-01,1.163e+00,-2.032e+00,-1.362e+00,-6.099e-01,-3.730e-01,2.036e-01,-4.943e-01,8.638e-03,3.052e-01,8.969e-01,-4.943e-01,5.446e-01,-1.577e+00,1.211e-01,3.968e-01,5.152e-02,1.043e+00,1.062e+00,1.846e+00,1.351e+00,1.389e+00,1.084e+00,9.843e-01,7.563e-01,1.476e+00,1.692e+00,-2.032e+00,4.548e-01,1.076e+00,-4.705e-01,-2.032e+00
-5.549e-01,6.925e-01,1.231e+00,4.375e-01,3.637e-01,1.435e-01,1.201e+00,-1.847e+00,-2.032e+00,-7.077e-01,-4.104e-01,6.084e-01,-8.904e-01,1.526e-01,7.371e-01,2.306e-01,-3.871e-01,1.393e+00,-1.029e+00,4.863e-01,2.998e-03,6.676e-01,1.585e-01,3.038e-01,3.732e-01,2.485e-01,4.927e-01,1.106e+00,9.452e-01,9.051e-01,1.117e-01,6.224e-01,4.548e-01,-2.032e+00,9.495e-01,-3.361e-01,-1.946e+00
-1.730e-01,1.497e+00,1.357e+00,7.385e-01,1.517e+00,6.797e-01,1.208e+00,-2.032e+00,-9.461e-01,-6.041e-01,-2.544e-01,4.195e-01,-6.589e-01,2.058e-01,4.533e-01,1.012e+00,-5.563e-01,1.208e+00,-1.067e+00,4.300e-01,-2.640e-03,4.683e-01,7.137e-01,5.467e-01,1.200e+00,1.056e+00,1.430e+00,1.075e+00,1.016e+00,1.043e+00,7.876e-01,1.459e+00,1.076e+00,9.495e-01,-2.032e+00,-3.588e-01,-2.032e+00
7.218e-03,-1.607e-02,-1.349e-01,-2.122e-02,-5.309e-01,-6.918e-02,8.282e-02,-2.032e+00,6.546e-01,-9.717e-01,-1.089e+00,-3.674e-02,-3.753e-01,4.528e-01,-3.415e-01,4.233e-01,-1.330e+00,-2.749e-01,-1.697e+00,-5.887e-01,-8.488e-01,1.708e-02,-1.001e-01,-7.439e-01,-5.624e-01,-4.653e-01,-6.279e-01,-4.220e-01,-3.001e-01,-3.244e-01,1.043e-01,-2.905e-01,-4.705e-01,-3.361e-01,-3.588e-01,-2.032e+00,-1.610e+00
-1.388e+00,-1.507e+00,-1.565e+00,-1.770e+00,-1.970e+00,-1.180e+00,-1.854e+00,-2.032e+00,-2.032e+00,-1.974e+00,-2.032e+00,-1.788e+00,-1.399e+00,-1.155e+00,-1.224e+00,-1.568e+00,-1.879e+00,-1.371e+00,-1.641e+00,-1.435e+00,-1.864e+00,-8.244e-01,-1.480e+00,-2.032e+00,-2.032e+00,-2.032e+00,-1.570e+00,-1.883e+00,-1.480e+00,-1.480e+00,-2.032e+00,-1.641e+00,-2.032e+00,-1.946e+00,-2.032e+00,-1.610e+00,-2.032e+00
