================================================================================
== Topics (topic id, containing document, topic name) ==========================
================================================================================
0, Asset and Procedure Management, Using task reports
1, Asset and Procedure Management, Adding a reusable variable
2, Asset and Procedure Management, Editing a statement
3, Asset and Procedure Management, Creating an asset profile
4, Procedure Completion, Completing a procedure
5, Application Administration and Management, Exporting all procedures
6, Application Administration and Management, Configuring the support contact
7, Asset and Procedure Management, Self-assigning a task
8, Asset and Procedure Management, Deleting an asset attribute
9, Asset and Procedure Management, Overview
10, Asset and Procedure Management, Transition task fields
11, Procedure Completion, Resuming a procedure from another user
12, Procedure Completion, Viewing the procedure completion history
13, Application Administration and Management, Managing user accounts
14, Application Administration and Management, Document change history
15, Asset and Procedure Management, Creating a procedure template
16, Asset and Procedure Management, Publishing a procedure
17, Asset and Procedure Management, Property fields
18, Asset and Procedure Management, Editing a task
19, Procedure Completion, Documentation set
20, Asset and Procedure Management, Asset type fields
21, Procedure Completion, Interface
22, Asset and Procedure Management, Editing a reusable variable
23, Application Administration and Management, Searching for a user account
24, Application Administration and Management, User account fields
25, Asset and Procedure Management, Completing an assigned task
26, Asset and Procedure Management, Adding values to a single use variable
27, Asset and Procedure Management, Document change history
28, Asset and Procedure Management, Editing an asset profile
29, Procedure Completion, Completing a procedure online
30, Asset and Procedure Management, Cloning a traditional procedure
31, Application Administration and Management, Assigning procedures
32, Asset and Procedure Management, Workflows
33, Application Administration and Management, Configuring the site
34, Asset and Procedure Management, Overview
35, Procedure Completion, Copyright and trademarks
36, Procedure Completion, Starting the mobile client
37, Procedure Completion, Procedure Accelerator—the solution
38, Asset and Procedure Management, Creating a procedure specific to an asset
39, Asset and Procedure Management, Adding statements
40, Procedure Completion, Overview
41, Asset and Procedure Management, Overview
42, Procedure Completion, Multiple roles
43, Procedure Completion, Resuming a procedure for online completion
44, Asset and Procedure Management, Statement variables
45, Asset and Procedure Management, Deleting a task
46, Application Administration and Management, Planning a workflow
47, Procedure Completion, Resuming a procedure for offline completion
48, Application Administration and Management, Overview
49, Asset and Procedure Management, Creating a task
50, Procedure Completion, Cancelling a partially completed procedure
51, Procedure Completion, Opening a procedure template
52, Asset and Procedure Management, Overview
53, Procedure Completion, Resetting a forgotten password
54, Procedure Completion, Procedures
55, Procedure Completion, Downloading procedures
56, Application Administration and Management, Editing or viewing a user role
57, Asset and Procedure Management, Task report filters
58, Application Administration and Management, Adding user roles
59, Asset and Procedure Management, Task creation fields
60, Application Administration and Management, User role operations
61, Asset and Procedure Management, Adding sub procedures
62, Asset and Procedure Management, Removing a variable
63, Asset and Procedure Management, Editing asset types
64, Asset and Procedure Management, Reusable variable fields
65, Asset and Procedure Management, Managing the index classification values
66, Procedure Completion, Benefits
67, Application Administration and Management, Managing user roles
68, Procedure Completion, Opening a procedure
69, Asset and Procedure Management, Searching for a statement
70, Asset and Procedure Management, Adding a single use variable
71, Procedure Completion, Adding procedures to your completion list
72, Procedure Completion, Procedure Completion History filters 
73, Asset and Procedure Management, Creating an asset type
74, Procedure Completion, Asset profile fields
75, Asset and Procedure Management, Editing a procedure
76, Procedure Completion, Opening an asset profile
77, Procedure Completion, Changing your password
78, Asset and Procedure Management, Deleting an asset profile
79, Procedure Completion, Document change history
80, Procedure Completion, Roles and users
81, Asset and Procedure Management, Statement fields
82, Procedure Completion, Procedure completion task flow
83, Application Administration and Management, Adding user accounts
84, Procedure Completion, Completing a procedure offline
85, Asset and Procedure Management, Overview
86, Asset and Procedure Management, Managing properties
87, Application Administration and Management, Editing or viewing user accounts
88, Procedure Completion, Viewing a procedure completion
89, Asset and Procedure Management, Finding an asset type
90, Procedure Completion, Using training mode for a procedure
91, Procedure Completion, Overview
92, Application Administration and Management, Overview
93, Asset and Procedure Management, Asset type attribute fields
94, Procedure Completion, Common functions
95, Procedure Completion, Logging in
96, Procedure Completion, Joining a procedure in progress
97, Asset and Procedure Management, Creating an attribute
================================================================================
== Similarity Matrix ===========================================================
================================================================================
0,1,2,3,4,5,6,7,8,9,10,11,12,13,14,15,16,17,18,19,20,21,22,23,24,25,26,27,28,29,30,31,32,33,34,35,36,37,38,39,40,41,42,43,44,45,46,47,48,49,50,51,52,53,54,55,56,57,58,59,60,61,62,63,64,65,66,67,68,69,70,71,72,73,74,75,76,77,78,79,80,81,82,83,84,85,86,87,88,89,90,91,92,93,94,95,96,97
0,1.0,0.0895251542003036,0.18294190863627685,0.0924300400230515,0.06544805506016292,0.17563880470999985,0.1787962650215238,0.6475761258027333,0.18598734756545018,0.134523753823101,0.32649125629862996,0.1487996404519154,0.24542533056100557,0.038291979053374184,0.05024484231762641,0.20096425292515913,0.23066506862251004,0.0943147147758104,0.598799460624895,0.09939332099323635,0.06681181525274586,0.3728852122772354,0.1026529805149473,0.14557276271395125,0.09378775151667039,0.6736215383073618,0.13574411419885643,0.3879917968315853,0.12192012192018288,0.22965265903763452,0.12491054971951843,0.24578161475288918,0.17600018919675764,0.13520195964731102,0.11099511485006575,0.005542739954736933,0.07349387959268715,0.0943429514858558,0.1444694166253473,0.11221543878932923,0.08640276493271748,0.6838201201509382,0.17517505399806085,0.1818933598994668,0.047776830862170556,0.6017316357121543,0.12979936410235834,0.09747546499329883,0.08932416412022473,0.6369040516233043,0.18837162994395398,0.36562132795167873,0.1700673651623821,0.1271763937428957,0.09790929720859737,0.15408643420395102,0.17427903353724677,0.39131045956437216,0.13798103295399888,0.358323297789217,0.2737615332143436,0.1488151941920599,0.07654673223309202,0.17755740383863042,0.04641778347091294,0.1351375233638426,0.1254780076604196,0.1435865968655814,0.19847333850757579,0.17342601850407277,0.05152065488893102,0.14213801722832664,0.13817957092490357,0.17482083216909894,0.05500143819416411,0.20980718482572336,0.14200275157581996,0.0933852284351098,0.1736184586258824,0.10842907744716691,0.14892084929531765,0.10542253691845298,0.24106421231531452,0.22873713101611906,0.18493324201641587,0.10436461790650423,0.1379335883171443,0.17195368557724372,0.15767122455845722,0.18474044564757475,0.18541926977182407,0.17865192005377226,0.24683571949282906,0.0661573761946342,0.33535833022992884,0.16680721947748473,0.16655539481716516,0.127049152335736
1,0.0895251542003036,1.0,0.4265401004159023,0.26156136801318774,0.04909099023310877,0.0937827145210083,0.09898648283029052,0.06351867729204455,0.21074095273257828,0.3609222247059275,0.11514842549395687,0.09035174734397339,0.1421026748606708,0.057443759573530644,0.025124954043949328,0.26453108891406224,0.09819840847276874,0.3023699914419528,0.08454491754391467,0.08520286456846099,0.22238049115628883,0.16595064920273409,0.6709781935630581,0.1091905797052031,0.07340651010543453,0.10630915142498262,0.600000991737996,0.12888169670906688,0.23624405234545595,0.22478909358274696,0.09093669998455423,0.20174675805564984,0.03354440132502119,0.06561933089654344,0.2592790137146685,0.04988968904867105,0.0413444752708236,0.06532093613238414,0.2283958335226598,0.37097176534157084,0.06480860715458314,0.07805255622377723,0.12381408254957173,0.10232533051689398,0.6586700149690342,0.0927997477077396,0.053223104784756364,0.06905208228319841,0.058624892769215106,0.09135799822049444,0.08563210085971257,0.18592789348192545,0.1164709155814529,0.06526815025561761,0.08610133789819346,0.11870016566493892,0.09604098623305529,0.14286003430217653,0.10996472134736329,0.08796094966281402,0.19310871920423903,0.2663722293615596,0.7543253114361348,0.24037632814625756,0.6236757038130774,0.21090118684378018,0.07963830255156272,0.09231497582782891,0.2017580421653112,0.3649540388451518,0.6827175030764924,0.12160689130294228,0.16431544495506473,0.2739656193019265,0.2711058474102031,0.19811916729806456,0.30832653037035607,0.13008539657145035,0.22452926267266346,0.10844000945076855,0.10967095421449158,0.5271658289876806,0.10332365006498857,0.11622493660449063,0.08631088073987095,0.2394041442173674,0.1369331751993123,0.11409615898591745,0.10783016378836457,0.2108663315950723,0.09271898202863739,0.09703625619606032,0.08128337023173389,0.20724914500782163,0.22590903806968432,0.11648919843465105,0.22934752642625048,0.3097135315142888
2,0.18294190863627685,0.4265401004159023,1.0,0.14927621377150566,0.25837731834126115,0.2908715906924306,0.1832510655510234,0.0953020659864148,0.3812426352001749,0.7264977323823706,0.1344413321871085,0.324380095266423,0.28831511557974704,0.01569841733045948,0.12588086695887282,0.5182939960000574,0.4025397037477635,0.1507136458053047,0.2695549484803269,0.31531115106819774,0.05135734939005825,0.3617931269690742,0.4241825484964071,0.11935982613205712,0.08637275834817776,0.22741478214950672,0.5614737879338944,0.3067653686356203,0.2846261551452555,0.5942790629233394,0.3890887805437623,0.3675600653041972,0.14982824731067274,0.17932664035348386,0.2751923448393005,0.1628507512510083,0.171573650400952,0.2702460880734569,0.47685793937494014,0.7667422928528829,0.2492674292619832,0.20314720252872315,0.36253194559612156,0.3293514095039377,0.4720439533352994,0.23439357848249476,0.14544983071039738,0.2923120435042937,0.13351001041092572,0.16124269411810313,0.34712697975734086,0.49117279765305777,0.2223016217375831,0.16464638998453554,0.37601948213223546,0.35284272979313525,0.1895572819669676,0.23897980041895991,0.20034344318160305,0.05341834273468219,0.3661501371378046,0.37899654790052656,0.6186137727353359,0.25447796789619787,0.21649756790515573,0.2784983841342695,0.33305230784876066,0.1681875776882252,0.42646489836107204,0.6517390608327072,0.5368439036967046,0.3232262990710781,0.34081484692514324,0.19197491009218623,0.04563433630530788,0.5695857978969391,0.24512138588755075,0.1845873692430987,0.18408026012768097,0.42335483220345427,0.27196120503247573,0.5368158340120793,0.28236622931169575,0.17897820000056153,0.31730558781128787,0.2935477301503972,0.20512549607953082,0.1649406920595395,0.38974041407255394,0.09878783399072132,0.28998556804882747,0.324113576089506,0.22624742574899703,0.06381714928088192,0.45682576584268797,0.24170674409088716,0.5877015114145524,0.35688458819949076
3,0.0924300400230515,0.26156136801318774,0.14927621377150566,1.0,0.1917924103717096,0.17059774719231613,0.12197869616410917,0.0810979066435095,0.3968518618615423,0.21226986197722417,0.09011492801855467,0.1799572519195339,0.16823561409549187,0.054859601925210985,0.08180006612356461,0.3759312423947975,0.17660033468093342,0.5577226978431071,0.06881385567319095,0.3698633607276546,0.6064015606937139,0.41442507556400743,0.16553040243659256,0.04107942729104869,0.061075676003884874,0.12963067094685604,0.3157076713937607,0.13355138186458987,0.6450909012393781,0.23228364848704516,0.22249758915624204,0.341251151472362,0.09582429532166399,0.08286596765417635,0.7816707532499179,0.04331396168581293,0.13959187162762346,0.20085247840786496,0.5326384813449883,0.2327605943687398,0.162547628353326,0.14279014086532094,0.16782339791656478,0.18359916505173932,0.24641360289308625,0.1318389472301697,0.07889173366398886,0.18690496512082702,0.1017956378426582,0.1354990657997323,0.19701513192538048,0.3026655084509347,0.39484728678769593,0.1046131561931883,0.2154637278113169,0.21424560947110993,0.05558818100881114,0.3878766342570538,0.09827874824020393,0.04666886088324195,0.4088984702938753,0.4537158778531654,0.23720831165680967,0.6147996076502394,0.3811331450606759,0.14761815182797125,0.25613801147570014,0.12467368537783119,0.4455659886542051,0.13175988338663905,0.06150989249805386,0.2241734293143496,0.46089440517699304,0.6891710294979083,0.7214683382798043,0.3000955803105753,0.764125986796029,0.11293944681600841,0.596501427901369,0.18156928617539408,0.2909369740088345,0.16836179824841238,0.18838058688145282,0.11532099367951561,0.32382471965327586,0.7093273171253413,0.3249513812107251,0.05814254901876428,0.21743436200008906,0.6067563059204921,0.1744126045959605,0.21262176465844174,0.2822791523496059,0.21794653109653264,0.20030606378634108,0.25096537452001105,0.2039748418791599,0.49641532540076194
4,0.06544805506016292,0.04909099023310877,0.25837731834126115,0.1917924103717096,1.0,0.3657471013864383,0.13435477841780938,0.13475492677463718,0.28100369208284276,0.2915960036971556,0.13647986004415325,0.6109841668176068,0.38340480732314786,0.0,0.13214605626093115,0.43749269024462395,0.47080475813697586,0.159461795012129,0.07146459189048196,0.6321820946686739,0.07060093972045077,0.3726674625229105,0.0,0.0,0.10111763480696066,0.27463315238421904,0.3497267759562842,0.2311597208632392,0.06871180011766419,0.6095037515252734,0.48449801056797337,0.41816669879145335,0.2504147801876634,0.12550124509378383,0.28060241926159996,0.012495120046661578,0.538456301583714,0.4785286079623041,0.4208795049098995,0.13585410931315722,0.5545809334169377,0.26390677233288656,0.4917276376317015,0.43054849325498307,0.2035612327620697,0.24721203404811504,0.2692007847579016,0.5737683627808063,0.21709709242867262,0.22595050441198394,0.5340299102335099,0.377189160453301,0.36671760320461705,0.10562503704960498,0.570825187680788,0.5867574705779562,0.012026970655309829,0.3200684002708975,0.14094619145115095,0.11749469908920933,0.4372549447732878,0.46318747866350213,0.16363540692917927,0.11715264683768399,0.04322112799258195,0.22602580622849885,0.5494163430811131,0.3236904093603996,0.5298427810331097,0.0760196249048922,0.09678678369916546,0.6558696037195738,0.5432277589193083,0.1372320961349725,0.03985423279104065,0.48669759173752775,0.17269626844687916,0.16916815066538907,0.2091922186295533,0.5994453924131039,0.48220958148599685,0.24897330161692596,0.7608108652045578,0.20792222701453697,0.7643149375976267,0.355191353822916,0.09602765994967198,0.011181893036063434,0.5802062945731415,0.0,0.49694927808284206,0.5624457543756877,0.4275142870682206,0.05702412597151633,0.19742822106803315,0.411695864270482,0.5127680123435535,0.1511606676345119
5,0.17563880470999985,0.0937827145210083,0.2908715906924306,0.17059774719231613,0.3657471013864383,1.0,0.19643067605423256,0.1057317615949656,0.31406110127394715,0.2482899427540148,0.07382891514561403,0.35964616334447086,0.39337782849699665,0.03533767463701098,0.11592087520034743,0.49274030404812685,0.47751646884895815,0.1502109867260428,0.13002373149669488,0.4848317369838872,0.06936429060694567,0.34182224728504795,0.0451109968300639,0.06269271244052146,0.060209972086381174,0.2410180678561366,0.3825244913582932,0.2352948871843851,0.12188988004400882,0.39531042648169035,0.4678745733593098,0.4236808875858038,0.1544334765794268,0.2715600901612974,0.2370560232183865,0.02557553121569403,0.22042694904913426,0.4051833924539853,0.4348390902555611,0.1745140508644787,0.34774023804474513,0.25379667423605984,0.3699525565810173,0.3273268353539886,0.19752656336331634,0.2750585136862766,0.12297934672139059,0.36481763676103723,0.16486524472938305,0.17562717215566223,0.5373186100548619,0.41747697242040577,0.3138926409682358,0.1358957080545352,0.461124084294007,0.4458110463751092,0.07221075716046445,0.2812262399693632,0.13330436659516992,0.012024651756097043,0.3698223550501889,0.48222890407188945,0.15589736927464276,0.1398791965387604,0.055873769533459273,0.2655145666027576,0.5077258470512164,0.26501719512585326,0.5061019755223068,0.12003438514395245,0.10697789498629419,0.3668710688430122,0.447870678042352,0.14980925867114983,0.05800910270496299,0.5315909870538701,0.20001902768532515,0.17851647506079618,0.1767982784351456,0.4050191414607412,0.39730139893838984,0.20384356208180282,0.3813696271356911,0.1770428853213747,0.4513148107442302,0.35439323885938673,0.15724272550828775,0.0762918785697729,0.5007137762377681,0.04447495899966607,0.3878579337200236,0.46618006458660405,0.3444657084160945,0.06464456413247303,0.30751350945391975,0.37688195933313196,0.380822101002134,0.17261371347957372
6,0.1787962650215238,0.09898648283029052,0.1832510655510234,0.12197869616410917,0.13435477841780938,0.19643067605423256,1.0,0.15119803906846938,0.11488916405585825,0.09559265217277013,0.48508112359313005,0.20104435936780635,0.25001614309238757,0.5558675777961365,0.19892235316614082,0.21840811619639958,0.23858819442621504,0.1907138428757257,0.16734233539944507,0.24359779892365496,0.0771493320461396,0.24932644207333612,0.045156591650110704,0.5955423685213425,0.48970047604397177,0.212259832398221,0.16314508807876854,0.20481104839112357,0.147488335093878,0.1998969463948891,0.15029784104566854,0.41003334111261003,0.1408821171458497,0.17842423039629277,0.1255532389991085,0.07314680299682985,0.1212361209424213,0.15323463386376934,0.14665720790768613,0.10146854245712593,0.24388590996335086,0.24522508969437623,0.23562188809068918,0.20403591348143726,0.08448760181772315,0.14100792244605773,0.063949945476781,0.12149057223497473,0.6446557741495305,0.190873655784613,0.18832692279398694,0.1880954074133514,0.11709685720318652,0.14133305066751467,0.17376463326766367,0.2033458206454018,0.2816249703523728,0.20107891600659353,0.29305388847398,0.16335664436571584,0.279799411022015,0.19862113334166906,0.08011749083508302,0.10858738544130878,0.04527686302379201,0.16683344019278692,0.17196057011689628,0.34288544481942,0.217120073798037,0.14622123064164272,0.03399556198020441,0.22861026515602437,0.1912490490580998,0.11535436512303285,0.041476952832352455,0.25833870012587923,0.17260447582030988,0.16725326191924295,0.13431288122299354,0.16353418669000613,0.29657992633832064,0.2451245097514707,0.12725169567260472,0.6767536801120863,0.15185578688541593,0.11365952433953878,0.13919874224208856,0.5934961406912649,0.22031642209035762,0.0953998092005724,0.14137953415854868,0.21137512817650167,0.2860207204799518,0.123256956229902,0.30444163625152915,0.371949321678182,0.27229071963272233,0.09780462934238696
7,0.6475761258027333,0.06351867729204455,0.0953020659864148,0.0810979066435095,0.13475492677463718,0.1057317615949656,0.15119803906846938,1.0,0.08555053885005913,0.1318313637126865,0.4674463943059245,0.22977937963272482,0.2659583874167388,0.07095748751868991,0.051726060011187174,0.1764638724711456,0.250301023588875,0.028188903508019583,0.5548068590848296,0.1315587028960544,0.07093084682410772,0.37620030909231766,0.06793662204867575,0.06743891115511697,0.132235101713945,0.7844683950270548,0.07860704061853838,0.40228286296025817,0.05491251783869153,0.2816952728049368,0.09077146735337262,0.22915675969261856,0.22054523008028593,0.08596888138808807,0.08080326983094574,0.0,0.10403315833041098,0.08404977220207888,0.09953360432968736,0.0898516494934423,0.16307484966544225,0.7613687370796359,0.28871614499497444,0.21066252211737158,0.03984008618846339,0.5644709478621484,0.15233346750624754,0.15052356180127635,0.11207313002423888,0.7640892194824773,0.15866576560438356,0.2775151383522204,0.1712748426008708,0.08268982305947233,0.1303392191219342,0.16720343670903368,0.2306787152800577,0.39036874995053944,0.23970720335130916,0.46278509103668186,0.2950241589989907,0.09923328551261383,0.0570644799873379,0.05350003761722718,0.021815429766864004,0.0807801543051079,0.10433534893548585,0.2745219824359786,0.1411450974231471,0.08926930831959173,0.019889806323953877,0.250358482101373,0.15092707372038486,0.09159419032162437,0.01820021152813209,0.14463770059634679,0.09232988966097884,0.06695340634119862,0.09245003270420486,0.15149183969848687,0.21742292260184362,0.08139779457416806,0.34034850384921367,0.19370153747854313,0.26019293315684106,0.07353990955934986,0.08770580193070292,0.05617072133069819,0.12173952858670362,0.04961389383568338,0.10816840970588222,0.19026059766179765,0.28820068874348875,0.02403801010771495,0.15832877598726353,0.1998520162579474,0.25719817050189064,0.11989501396978265
8,0.18598734756545018,0.21074095273257828,0.3812426352001749,0.3968518618615423,0.28100369208284276,0.31406110127394715,0.11488916405585825,0.08555053885005913,1.0,0.3110061280209757,0.06896284862111988,0.30857318050863247,0.26409596751565373,0.028184238144540522,0.08218214283588321,0.5027235300085143,0.4282677488549923,0.33403196926814316,0.14691246066223998,0.39191232053903496,0.22538925191318412,0.35069451925523193,0.16790264469093608,0.023810367445765,0.07003152127845945,0.2051219484569606,0.4787470309559543,0.19718312184712394,0.28666139831088766,0.39760577051658064,0.4236383744609065,0.420971291751545,0.13980658645441238,0.10731835001770904,0.4999035086880495,0.03399708997364206,0.18031356747229446,0.3249422682716584,0.5044074908680902,0.3466929395492795,0.276758029576041,0.22947056304708513,0.3078735829213945,0.2789164281839253,0.294217358862905,0.4691105679038726,0.11676729717407362,0.3055820773569111,0.11642470235083455,0.16186422436784978,0.3571239435163326,0.44091486446579303,0.3174741933125438,0.12316615977053666,0.40588149162205733,0.3780433799981891,0.0567204479335504,0.34409254916480186,0.1428171671615826,0.007992075789278004,0.4487262200271816,0.4854312125261504,0.31084731995508846,0.3771902994696426,0.2351946314463297,0.35026988383379504,0.41145875504666685,0.23485503523584428,0.5093695082369075,0.22456526727258871,0.20540545472839208,0.29696414306338764,0.4547784791106742,0.38295909920356336,0.33253880937257907,0.5469234285030535,0.3621491674732031,0.1718369997100952,0.49940633580446264,0.3483665071458088,0.3487621535051703,0.25864893551812695,0.29571950993316515,0.14482455246780887,0.38818650317389747,0.5009199696594842,0.16422992479730988,0.048678437303914766,0.443726496711088,0.3054520762309309,0.3184418503577606,0.37785652941913234,0.2806434968702312,0.4487499794473175,0.37732812281860506,0.2681314017295955,0.38423921240138453,0.6320760918813122
9,0.134523753823101,0.3609222247059275,0.7264977323823706,0.21226986197722417,0.2915960036971556,0.2482899427540148,0.09559265217277013,0.1318313637126865,0.3110061280209757,1.0,0.11964678306204239,0.292649067033765,0.241712937747105,0.08598509428429786,0.11416855028770857,0.4929814331295134,0.34747394043166474,0.19275345929218674,0.11299254697492216,0.30745407510513695,0.0502321625865832,0.3488825741872658,0.23521274323077526,0.019457462478688733,0.08502545484699409,0.22732799813802293,0.4607216858415058,0.20002963621561798,0.09777610124720525,0.5838714188049572,0.3388249405200395,0.28264704125612866,0.14461743179658704,0.08929341412920967,0.36114490540605715,0.18669432713457676,0.1522610951244207,0.282270292291039,0.39570620889808206,0.7716087981767903,0.2752444082840593,0.21359869005502724,0.41064811360208037,0.24798367651834516,0.4000139758649187,0.21647992678650116,0.17765547611566665,0.2953174100684738,0.15894053079269232,0.2197765610237175,0.2975584174200526,0.3826727726126224,0.29649712010780893,0.10199146584679822,0.3655249544081229,0.2905622978569061,0.11124256590717381,0.21384104400769252,0.20056480927783024,0.1201704038703715,0.35314551080035245,0.3431171707974262,0.47628675395317593,0.1875452275858666,0.20716856591444338,0.18703607125028268,0.36381403397541556,0.1809530365682261,0.37488575774821326,0.5254216804878122,0.43383841189416916,0.31169199981673534,0.36758367823522625,0.19277610853711882,0.0567121148599439,0.4251538313319874,0.13186306537569437,0.13908516996510056,0.11523024038313548,0.3478268324421751,0.3430893440501387,0.6481826053158359,0.3314158501137424,0.1568115968903639,0.3163960334787499,0.3396641193525716,0.23425072388962812,0.06895072243217398,0.34958976155363286,0.12883132528016616,0.31722756193893925,0.3458319058484311,0.2752050083735318,0.07802372631574289,0.26380771656331764,0.21680636644704762,0.5462504304417761,0.33963140747412324
10,0.32649125629862996,0.11514842549395687,0.1344413321871085,0.09011492801855467,0.13647986004415325,0.07382891514561403,0.48508112359313005,0.4674463943059245,0.06896284862111988,0.11964678306204239,1.0,0.20184956540333704,0.2684007833627635,0.41066160187147627,0.17400359961221726,0.18488555376804608,0.2381832758985357,0.20392668685166418,0.3163687503154234,0.08565603610802411,0.13714679736193378,0.2882612770199919,0.042594342889192505,0.39029808201895344,0.546643999632102,0.5006160182974121,0.0974856143172523,0.28606948245534775,0.07491057470676987,0.22598468741790537,0.09850006010044562,0.37300192329612547,0.3635778779096479,0.03731542622542008,0.09140302682254452,0.04829744508986391,0.04926148221409117,0.07782916852651416,0.08789635703914735,0.09193038718890852,0.2750917407675289,0.5496890531294757,0.30934691199780273,0.14020741655889554,0.04227149147907507,0.30909303657179876,0.3398875238335023,0.11978241142570356,0.4789776505454584,0.5272520603727846,0.08417449860724445,0.17445567519772937,0.12886138558034776,0.1076763804116331,0.1493572031343995,0.11723796540779495,0.3003833867379036,0.3829863176098087,0.3049145682916445,0.5502235867566392,0.33966447006317774,0.15642277681457703,0.044230817649146416,0.07837453828098984,0.051403946208865584,0.11979933846503336,0.10836658187650827,0.3437258326269977,0.1505370272538954,0.11947300260988777,0.023022178522758167,0.2605101381247405,0.17168402122357998,0.07951426600968298,0.0816326707508447,0.19838814759520754,0.11271506828161927,0.12742402269282033,0.06019292654288459,0.09690379842523938,0.25045413298101654,0.24227185592617445,0.24006250962020118,0.4747910353436633,0.14323927515219562,0.06859520179593732,0.11692728738555672,0.3878845624667848,0.14298407059684812,0.07537346628814316,0.14637756681651848,0.21471843614398683,0.250191263752166,0.14868272380348702,0.128857071542614,0.17542219602975953,0.25993502436484817,0.13010328494297024
11,0.1487996404519154,0.09035174734397339,0.324380095266423,0.1799572519195339,0.6109841668176068,0.35964616334447086,0.20104435936780635,0.22977937963272482,0.30857318050863247,0.292649067033765,0.20184956540333704,1.0,0.5816529373613825,0.058877604725121664,0.1011689418554073,0.49120048125602583,0.5956808584746227,0.16874209052910946,0.15474148334775029,0.5068235750108419,0.06879214212366068,0.38496150141816937,0.0644240169183933,0.09059872296827402,0.1522689981833928,0.38652906514870633,0.37005141258234137,0.3469873518526974,0.15064065521595105,0.7978137364952342,0.46805024519151217,0.5704345625421656,0.2582588385986462,0.13102060766834914,0.24206662237943027,0.0060874974009245165,0.3968589914436551,0.35866822670464543,0.4345070726239038,0.17345496262096297,0.8118768187795457,0.30612556564243026,0.5808752254738605,0.7591275047661408,0.20149433863397634,0.30264216318107473,0.25660159713808434,0.8148124625540265,0.17781207962465526,0.3399964684774898,0.6457331253012709,0.4491979140435768,0.3004755623055468,0.13232432741736927,0.5710326509821614,0.6860696778475237,0.12890723348789393,0.391736936815402,0.2651989045312111,0.18603728384642235,0.5565550201057998,0.4884663343265331,0.15654409947294706,0.14744529160617864,0.04654683352661911,0.26332448067752745,0.45848450111060735,0.41302047560507993,0.5678950173238835,0.1111080007153904,0.10845316984776329,0.8244441950201432,0.7032793558460904,0.19200275859006277,0.04314796276471528,0.529777918242367,0.22983463498512452,0.13186724720038595,0.2827356937963023,0.6748196411333166,0.4787766659532784,0.3308108185434231,0.7413188744457553,0.3565676489382982,0.6815436911316425,0.3327373368548058,0.15594571538795132,0.1089541269555691,0.6468320485969199,0.06175135279477231,0.46159044430712626,0.5209723816830786,0.32399217030631505,0.08548179482384147,0.30732297388486407,0.2874369044845543,0.7398905452788929,0.1937999053590021
12,0.24542533056100557,0.1421026748606708,0.28831511557974704,0.16823561409549187,0.38340480732314786,0.39337782849699665,0.25001614309238757,0.2659583874167388,0.26409596751565373,0.241712937747105,0.2684007833627635,0.5816529373613825,1.0,0.10222191934290992,0.14530809605321618,0.40762101130980144,0.49927242451842213,0.17258892143006305,0.10343353859069823,0.388525247334188,0.12262024865638205,0.451262279366604,0.026098676422875708,0.1489679798312981,0.23404155043043628,0.34222181969311843,0.3106064261858413,0.281134615691701,0.09492889050691344,0.5630647665561779,0.36287591599508545,0.5385164807134504,0.18485481180118404,0.18046343066790324,0.25185988983668256,0.014796558720615843,0.20436953599803565,0.31965850884981056,0.3589666941874476,0.17751908427321675,0.5093642806904993,0.3075544139016981,0.5575666951107822,0.497710644498307,0.1670801485788761,0.25521383116292545,0.18480235922045718,0.477059961531621,0.24590600870544274,0.2540199208200928,0.5028653529707439,0.3556756946729167,0.2368703009045534,0.08934271123648291,0.5092260373766024,0.44469156397671344,0.29433843414620725,0.41599848145424073,0.4028781148784466,0.15652765711214212,0.5644395150164646,0.404039529788882,0.12331131374418307,0.10404798103595465,0.048488113787642693,0.28220338774108494,0.3961645445031952,0.43806854255471483,0.4810319154955358,0.16718269572567424,0.06876819060735033,0.5750931989018023,0.5578120490038939,0.12083962722782587,0.10487747635442025,0.4800757679361629,0.22944427065047518,0.0979375099040956,0.19178532059415365,0.4410752253549983,0.4879022333846124,0.2747288370521849,0.47805103537939936,0.29546255784845826,0.4388323941244497,0.26778575807965366,0.15161960871578067,0.1368283411239646,0.4889977238662366,0.06432675209026768,0.41248659440351926,0.3946909335959978,0.2973254580413245,0.12466565289662514,0.29936771881521246,0.2840696211513419,0.5773502691896257,0.20726604973561993
13,0.038291979053374184,0.057443759573530644,0.01569841733045948,0.054859601925210985,0.0,0.03533767463701098,0.5558675777961365,0.07095748751868991,0.028184238144540522,0.08598509428429786,0.41066160187147627,0.058877604725121664,0.10222191934290992,1.0,0.13916748518532024,0.08419584277697742,0.10360426858380029,0.07945293581764641,0.0,0.033709993123162106,0.0,0.2596785516587207,0.06963106238227913,0.7372900036186341,0.5227710751379969,0.06049160146593156,0.07481278726218363,0.026318067798390764,0.0,0.030934411244487297,0.034888291001308906,0.20918311537400852,0.05822395834631305,0.018881372801234024,0.07905414059929977,0.06579516949597691,0.0,0.05168765907047376,0.015830087643083128,0.09373719538534311,0.15954480704349314,0.1823450544502088,0.14395969692650115,0.0,0.02041687857777693,0.04005344023759145,0.06984892474722171,0.0128564869306645,0.7157184952387898,0.15662934806882536,0.0,0.029424494316824982,0.03510933835100429,0.031782086308186415,0.04007702189417522,0.009886946477802763,0.2702082117892794,0.12332007333216638,0.2610412233803381,0.18560646746692377,0.20189563265049637,0.04416281931590281,0.02506617983047941,0.0,0.062287287245740806,0.03622278249781188,0.03437280887786522,0.30842367725319353,0.018599845621922004,0.09149581755729295,0.030578831486257535,0.06327192199884446,0.09601536368738331,0.04446885106047642,0.01865415185609371,0.04669723164832765,0.05323091306991999,0.07918075824648957,0.0,0.0,0.25712973861329,0.1966516590319034,0.0,0.7269801866566454,0.0,0.06254446945258531,0.07705141285294195,0.6673083711820307,0.055048188256318034,0.0,0.029346959282671108,0.08775269089525567,0.12863707648409092,0.08315174410687587,0.020284716374660294,0.17069718549972973,0.12983927582936036,0.05864983750875564
14,0.05024484231762641,0.025124954043949328,0.12588086695887282,0.08180006612356461,0.13214605626093115,0.11592087520034743,0.19892235316614082,0.051726060011187174,0.08218214283588321,0.11416855028770857,0.17400359961221726,0.1011689418554073,0.14530809605321618,0.13916748518532024,1.0,0.12786761976749614,0.22657400092284516,0.06318437296190003,0.146303391191891,0.1843024451936214,0.021680296415038894,0.1742406958490324,0.012689783127114683,0.0881777150167727,0.21171431068793448,0.09508354486000538,0.10697537887789664,0.6043321862224018,0.18462653255082034,0.13530201829834765,0.13352118232930946,0.14446302370292305,0.3782479725679348,0.14452202432768343,0.13583813049220858,0.11511089261379083,0.09539445011233401,0.16955497887320237,0.13847639064606865,0.05394619069591551,0.1370723162267874,0.13828439815650798,0.2098853322688785,0.07082882469748285,0.05705281815014469,0.07299464530922298,0.2246380067219848,0.09840627249521833,0.2391304347826087,0.14491885767645654,0.14818474149146235,0.11261065411536271,0.17275776934219594,0.05212860351426869,0.21911286377865435,0.11892065626771292,0.20312981583247794,0.1797938945367386,0.1958887041485058,0.15221477058564112,0.2661271392070549,0.1273105904169632,0.061669879251941215,0.11242343760332198,0.015717365336548286,0.07355793848661729,0.21924729613820695,0.24849895941278619,0.14914654406886044,0.08754104448666039,0.04458225700602823,0.12107417117703767,0.1487341978309261,0.04052071421597483,0.030596320095914984,0.2164034976683064,0.058205810976179106,0.15584561614612075,0.04662524041201569,0.49594112524829037,0.24601568123804582,0.13032150878567172,0.10727978097782273,0.15323814773454877,0.14935935731965114,0.09732394796890978,0.0631894097806702,0.11159723347944292,0.16854019432007689,0.020851441405707476,0.08557250996811162,0.2079002318273404,0.20317460923263617,0.06061533822733287,0.11090250936124481,0.18665034169736033,0.14842725942695353,0.03664638951789105
15,0.20096425292515913,0.26453108891406224,0.5182939960000574,0.3759312423947975,0.43749269024462395,0.49274030404812685,0.21840811619639958,0.1764638724711456,0.5027235300085143,0.4929814331295134,0.18488555376804608,0.49120048125602583,0.40762101130980144,0.08419584277697742,0.12786761976749614,1.0,0.5387867188531723,0.41438398249350533,0.18931955992367405,0.5637062544229677,0.22188752019152203,0.513193251646366,0.1821220117162667,0.062238411437236914,0.15939643251271526,0.3550167115609011,0.6292196052587654,0.32837990496524994,0.2637323516546006,0.6098080809239905,0.6327754858492427,0.6259593519621421,0.19648911749245104,0.2234458184632822,0.4900458060812841,0.033853598450025765,0.2618474220343762,0.5163835120632096,0.7439152401876296,0.4696138656670759,0.43977114400859707,0.30567822114885707,0.5390766771746129,0.4443827289064889,0.35367168664635223,0.41217405251260475,0.21246514492639465,0.46305351069691103,0.21822740440319346,0.2805170092825664,0.5403978207442955,0.7683443162849771,0.45162032847018707,0.17988125809629735,0.567072992720759,0.5723023564427621,0.20202836374606015,0.4653139030251738,0.3068143540884017,0.0716250927023284,0.5556942860041872,0.7860127576364357,0.3256569582118649,0.36237300032387265,0.2169449599718173,0.36077288706701494,0.6484810390039701,0.34661953484707003,0.7289288138512766,0.30306048414197545,0.2543619806319174,0.5032508574951229,0.6134180939101048,0.43091730034299525,0.23755355806804607,0.7923233348098713,0.3948567815468523,0.2057414815807428,0.31446816367644953,0.5140370320052797,0.5391265874542607,0.4031997518124391,0.49218785551211264,0.2501199273651836,0.5522115490454955,0.6646617384220577,0.2601721174259851,0.10906420548385318,0.6372889329931312,0.2600101821573752,0.5083631441459178,0.5869682680666285,0.4302197529369635,0.1331060247792485,0.41357001479299565,0.38996008739151816,0.5891094131325147,0.3944579340490515
16,0.23066506862251004,0.09819840847276874,0.4025397037477635,0.17660033468093342,0.47080475813697586,0.47751646884895815,0.23858819442621504,0.250301023588875,0.4282677488549923,0.34747394043166474,0.2381832758985357,0.5956808584746227,0.49927242451842213,0.10360426858380029,0.22657400092284516,0.5387867188531723,1.0,0.19256212367699962,0.27229161710404226,0.5282405012003848,0.060525216695794984,0.45880598433901343,0.037788013417675716,0.1266002136888373,0.16549290656689716,0.46472319090137076,0.47080475813697586,0.4338317447908763,0.21107869827974085,0.6279673534412054,0.5360545109176892,0.5287706436389006,0.3708059939033512,0.23823609616253566,0.28192620994201023,0.05891542213209431,0.25447796789619787,0.45231149631373035,0.5154488905905688,0.2188755020080321,0.5705215477865954,0.5015666193342536,0.5354841540002307,0.5009259267190251,0.24376035084723388,0.3912581244076012,0.2859691713274229,0.5337461892356222,0.24006054859682402,0.4021202494224222,0.6012289146920248,0.5149792926227014,0.3858324157621927,0.16816594723637213,0.6981544551438886,0.5472848100380228,0.09623186425794182,0.4785098208777854,0.1999965278681976,0.15108988954976368,0.6134976020516376,0.5392502414148109,0.19129416631336,0.21760560538657328,0.08190636601015908,0.2927594154004971,0.5852612860177402,0.3964219223156111,0.608159409189658,0.17689157737576208,0.1410557683196538,0.5687061934433094,0.6415610866188557,0.16591270757583212,0.060740421000340064,0.7276795866270173,0.2347136379452199,0.24493201281485677,0.2024779558960151,0.6236605681232406,0.5232805776819827,0.3201620918538623,0.5590566114682521,0.3065880593190561,0.5718429439002355,0.4082854682856479,0.1450456292720908,0.11822836242217517,0.6542416438244024,0.06209204205650663,0.4777881824005256,0.5536106597417816,0.3955896018244316,0.07520923168750969,0.332312844041818,0.3779527964472445,0.5933250163965252,0.19438194875350298
