-1.632e+00,4.103e-02,1.773e-01,1.437e-02,5.901e-01,1.860e-01,-1.098e+00,-5.704e-01,2.019e-01,-1.434e-01,-3.350e-01,-5.981e-03,-2.137e-01,4.078e-02,1.641e-01,9.577e-02,-4.064e-01,-8.927e-02,6.037e-02,-1.098e+00
4.103e-02,-1.632e+00,1.307e+00,5.770e-01,1.270e+00,1.237e+00,-1.032e+00,-1.242e+00,4.006e-01,7.599e-01,4.206e-01,9.412e-01,6.124e-01,1.044e+00,1.254e+00,1.313e+00,6.293e-01,1.298e+00,4.103e-02,-1.197e+00
1.773e-01,1.307e+00,-1.632e+00,5.728e-01,7.395e-01,1.406e+00,-1.173e+00,-8.098e-01,2.359e-01,2.777e-01,2.194e-01,5.410e-01,2.634e-01,1.098e+00,7.275e-01,6.770e-01,1.077e+00,1.182e+00,-5.763e-02,-1.245e+00
1.437e-02,5.770e-01,5.728e-01,-1.632e+00,6.401e-01,6.152e-01,-8.517e-01,-2.414e-01,-4.771e-01,9.763e-01,-8.815e-02,3.034e-01,1.555e-01,5.618e-02,8.208e-01,7.957e-01,4.177e-01,6.675e-01,3.676e-02,-1.415e+00
5.901e-01,1.270e+00,7.395e-01,6.401e-01,-1.632e+00,1.111e+00,-1.413e+00,-7.313e-01,-7.286e-01,1.033e+00,5.031e-01,1.045e+00,7.027e-01,7.027e-01,1.433e+00,1.212e+00,3.563e-01,1.314e+00,-3.865e-01,-1.582e+00
1.860e-01,1.237e+00,1.406e+00,6.152e-01,1.111e+00,-1.632e+00,-9.973e-01,-1.014e+00,-6.255e-01,7.560e-01,3.588e-01,8.638e-01,5.449e-01,5.449e-01,1.064e+00,1.020e+00,1.052e+00,1.057e+00,1.231e-01,-1.485e+00
-1.098e+00,-1.032e+00,-1.173e+00,-8.517e-01,-1.413e+00,-9.973e-01,-1.632e+00,-1.632e+00,-5.593e-01,-1.632e+00,-1.218e+00,-1.632e+00,-1.332e+00,-1.632e+00,-1.393e+00,-1.632e+00,-1.479e+00,-1.632e+00,-1.632e+00,-1.632e+00
-5.704e-01,-1.242e+00,-8.098e-01,-2.414e-01,-7.313e-01,-1.014e+00,-1.632e+00,-1.632e+00,-2.414e-01,1.350e-01,-7.313e-01,-7.553e-01,-1.078e+00,-5.059e-01,-1.305e+00,-1.076e+00,-1.632e+00,-7.313e-01,5.980e-01,-1.632e+00
2.019e-01,4.006e-01,2.359e-01,-4.771e-01,-7.286e-01,-6.255e-01,-5.593e-01,-2.414e-01,-1.632e+00,-3.112e-01,-9.503e-01,-9.503e-01,-9.439e-01,-6.108e-01,-6.965e-01,-1.217e+00,-9.084e-01,-9.588e-01,-3.198e-01,-1.467e+00
-1.434e-01,7.599e-01,2.777e-01,9.763e-01,1.033e+00,7.560e-01,-1.632e+00,1.350e-01,-3.112e-01,-1.632e+00,1.381e-01,5.870e-01,5.186e-01,3.035e-01,8.965e-01,7.991e-01,2.459e-01,8.945e-01,4.059e-01,-1.247e+00
-3.350e-01,4.206e-01,2.194e-01,-8.815e-02,5.031e-01,3.588e-01,-1.218e+00,-7.313e-01,-9.503e-01,1.381e-01,-1.632e+00,1.501e+00,1.179e+00,6.324e-01,7.853e-01,9.362e-01,3.067e-01,5.083e-01,-5.633e-01,-1.632e+00
-5.981e-03,9.412e-01,5.410e-01,3.034e-01,1.045e+00,8.638e-01,-1.632e+00,-7.553e-01,-9.503e-01,5.870e-01,1.501e+00,-1.632e+00,1.892e+00,1.207e+00,1.398e+00,1.588e+00,3.643e-01,1.051e+00,-4.126e-01,-1.632e+00
-2.137e-01,6.124e-01,2.634e-01,1.555e-01,7.027e-01,5.449e-01,-1.332e+00,-1.078e+00,-9.439e-01,5.186e-01,1.179e+00,1.892e+00,-1.632e+00,9.295e-01,1.150e+00,1.176e+00,2.607e-01,9.313e-01,-3.320e-01,-1.632e+00
4.078e-02,1.044e+00,1.098e+00,5.618e-02,7.027e-01,5.449e-01,-1.632e+00,-5.059e-01,-6.108e-01,3.035e-01,6.324e-01,1.207e+00,9.295e-01,-1.632e+00,1.223e+00,1.280e+00,1.471e-01,7.084e-01,1.410e-01,-1.632e+00
1.641e-01,1.254e+00,7.275e-01,8.208e-01,1.433e+00,1.064e+00,-1.393e+00,-1.305e+00,-6.965e-01,8.965e-01,7.853e-01,1.398e+00,1.150e+00,1.223e+00,-1.632e+00,1.459e+00,5.712e-01,1.266e+00,-1.869e-01,-1.308e+00
9.577e-02,1.313e+00,6.770e-01,7.957e-01,1.212e+00,1.020e+00,-1.632e+00,-1.076e+00,-1.217e+00,7.991e-01,9.362e-01,1.588e+00,1.176e+00,1.280e+00,1.459e+00,-1.632e+00,4.320e-01,9.474e-01,-3.363e-01,-1.632e+00
-4.064e-01,6.293e-01,1.077e+00,4.177e-01,3.563e-01,1.052e+00,-1.479e+00,-1.632e+00,-9.084e-01,2.459e-01,3.067e-01,3.643e-01,2.607e-01,1.471e-01,5.712e-01,4.320e-01,-1.632e+00,8.428e-01,-2.247e-01,-1.562e+00
-8.927e-02,1.298e+00,1.182e+00,6.675e-01,1.314e+00,1.057e+00,-1.632e+00,-7.313e-01,-9.588e-01,8.945e-01,5.083e-01,1.051e+00,9.313e-01,7.084e-01,1.266e+00,9.474e-01,8.428e-01,-1.632e+00,-2.436e-01,-1.632e+00
6.037e-02,4.103e-02,-5.763e-02,3.676e-02,-3.865e-01,1.231e-01,-1.632e+00,5.980e-01,-3.198e-01,4.059e-01,-5.633e-01,-4.126e-01,-3.320e-01,1.410e-01,-1.869e-01,-3.363e-01,-2.247e-01,-2.436e-01,-1.632e+00,-1.283e+00
-1.098e+00,-1.197e+00,-1.245e+00,-1.415e+00,-1.582e+00,-1.485e+00,-1.632e+00,-1.632e+00,-1.467e+00,-1.247e+00,-1.632e+00,-1.632e+00,-1.632e+00,-1.632e+00,-1.308e+00,-1.632e+00,-1.562e+00,-1.632e+00,-1.283e+00,-1.632e+00
