-1.496e+00,-2.248e-01,5.232e-01,5.844e-01,7.924e-01,6.418e-02,-7.334e-01,-5.012e-01,-4.367e-01,3.106e-01,2.950e-02,2.950e-02,-4.065e-01,5.844e-01,-2.248e-01,7.924e-01,4.110e-01,5.844e-01,-2.248e-01,-6.789e-01
-2.248e-01,-1.496e+00,7.924e-01,-1.008e-01,-6.587e-02,3.594e-01,-6.789e-01,-4.560e-01,-3.520e-01,9.308e-02,-1.759e-01,3.106e-01,2.950e-02,7.366e-01,5.232e-01,8.598e-01,-1.231e-01,5.232e-01,-3.799e-01,-9.641e-01
5.232e-01,7.924e-01,-1.496e+00,3.106e-01,2.950e-02,5.844e-01,-6.789e-01,-4.560e-01,-3.520e-01,-6.587e-02,2.950e-02,3.494e-01,9.421e-03,4.939e-01,5.844e-01,6.229e-01,4.110e-01,1.105e+00,-2.248e-01,-1.217e+00
5.844e-01,-1.008e-01,3.106e-01,-1.496e+00,1.047e+00,1.385e-01,-9.242e-01,-6.587e-02,-5.929e-01,4.655e-01,1.385e-01,1.385e-01,-1.959e-01,7.924e-01,1.196e+00,2.318e+00,-6.587e-02,7.924e-01,-2.248e-01,-1.160e+00
7.924e-01,-6.587e-02,2.950e-02,1.047e+00,-1.496e+00,7.924e-01,-1.258e+00,-3.520e-01,-2.248e-01,7.924e-01,2.642e-01,1.145e+00,-2.917e-01,1.047e+00,-6.587e-02,1.365e+00,-6.587e-02,2.318e+00,-6.161e-01,-1.397e+00
6.418e-02,3.594e-01,5.844e-01,1.385e-01,7.924e-01,-1.496e+00,-4.560e-01,-8.941e-01,-6.705e-01,5.844e-01,-1.231e-01,7.924e-01,-1.289e-02,1.385e-01,8.714e-01,3.666e-01,1.047e+00,9.129e-01,-1.972e-02,-1.236e+00
-7.334e-01,-6.789e-01,-6.789e-01,-9.242e-01,-1.258e+00,-4.560e-01,-1.496e+00,-1.496e+00,-9.242e-01,-1.496e+00,-8.232e-01,-1.496e+00,-1.020e+00,-1.496e+00,-9.988e-01,-1.496e+00,-1.210e+00,-1.496e+00,-1.496e+00,-1.496e+00
-5.012e-01,-4.560e-01,-4.560e-01,-6.587e-02,-3.520e-01,-8.941e-01,-1.496e+00,-1.496e+00,5.844e-01,3.347e-01,-6.789e-01,-3.125e-01,-9.095e-01,-4.560e-01,-8.606e-01,-9.988e-01,-1.496e+00,-6.789e-01,5.472e-01,-1.496e+00
-4.367e-01,-3.520e-01,-3.520e-01,-5.929e-01,-2.248e-01,-6.705e-01,-9.242e-01,5.844e-01,-1.496e+00,-2.248e-01,-6.161e-01,-8.424e-01,-8.424e-01,-6.161e-01,-8.778e-01,-9.762e-01,-9.840e-01,-6.161e-01,-4.866e-01,-1.119e+00
3.106e-01,9.308e-02,-6.587e-02,4.655e-01,7.924e-01,5.844e-01,-1.496e+00,3.347e-01,-2.248e-01,-1.496e+00,-2.525e-01,7.924e-01,-2.919e-02,3.106e-01,9.559e-01,5.472e-01,2.950e-02,5.472e-01,4.939e-01,-8.232e-01
2.950e-02,-1.759e-01,2.950e-02,1.385e-01,2.642e-01,-1.231e-01,-8.232e-01,-6.789e-01,-6.161e-01,-2.525e-01,-1.496e+00,2.318e+00,1.625e+00,2.591e+00,7.924e-01,1.365e+00,-2.043e-01,1.385e-01,-6.487e-01,-1.496e+00
2.950e-02,3.106e-01,3.494e-01,1.385e-01,1.145e+00,7.924e-01,-1.496e+00,-3.125e-01,-8.424e-01,7.924e-01,2.318e+00,-1.496e+00,2.970e+00,2.591e+00,1.826e+00,2.700e+00,-2.917e-01,5.232e-01,-5.155e-01,-1.496e+00
-4.065e-01,2.950e-02,9.421e-03,-1.959e-01,-2.917e-01,-1.289e-02,-1.020e+00,-9.095e-01,-8.424e-01,-2.919e-02,1.625e+00,2.970e+00,-1.496e+00,1.625e+00,1.597e+00,1.906e+00,-4.560e-01,5.012e-02,-4.065e-01,-1.496e+00
5.844e-01,7.366e-01,4.939e-01,7.924e-01,1.047e+00,1.385e-01,-1.496e+00,-4.560e-01,-6.161e-01,3.106e-01,2.591e+00,2.591e+00,1.625e+00,-1.496e+00,1.533e+00,2.318e+00,-2.248e-01,7.924e-01,-1.759e-01,-1.496e+00
-2.248e-01,5.232e-01,5.844e-01,1.196e+00,-6.587e-02,8.714e-01,-9.988e-01,-8.606e-01,-8.778e-01,9.559e-01,7.924e-01,1.826e+00,1.597e+00,1.533e+00,-1.496e+00,2.318e+00,-1.500e-01,1.047e+00,-4.235e-01,-1.210e+00
7.924e-01,8.598e-01,6.229e-01,2.318e+00,1.365e+00,3.666e-01,-1.496e+00,-9.988e-01,-9.762e-01,5.472e-01,1.365e+00,2.700e+00,1.906e+00,2.318e+00,2.318e+00,-1.496e+00,-6.587e-02,1.047e+00,-3.889e-01,-1.496e+00
4.110e-01,-1.231e-01,4.110e-01,-6.587e-02,-6.587e-02,1.047e+00,-1.210e+00,-1.496e+00,-9.840e-01,2.950e-02,-2.043e-01,-2.917e-01,-4.560e-01,-2.248e-01,-1.500e-01,-6.587e-02,-1.496e+00,3.797e-01,-4.560e-01,-1.302e+00
5.844e-01,5.232e-01,1.105e+00,7.924e-01,2.318e+00,9.129e-01,-1.496e+00,-6.789e-01,-6.161e-01,5.472e-01,1.385e-01,5.232e-01,5.012e-02,7.924e-01,1.047e+00,1.047e+00,3.797e-01,-1.496e+00,-3.889e-01,-1.496e+00
-2.248e-01,-3.799e-01,-2.248e-01,-2.248e-01,-6.161e-01,-1.972e-02,-1.496e+00,5.472e-01,-4.866e-01,4.939e-01,-6.487e-01,-5.155e-01,-4.065e-01,-1.759e-01,-4.235e-01,-3.889e-01,-4.560e-01,-3.889e-01,-1.496e+00,-1.056e+00
-6.789e-01,-9.641e-01,-1.217e+00,-1.160e+00,-1.397e+00,-1.236e+00,-1.496e+00,-1.496e+00,-1.119e+00,-8.232e-01,-1.496e+00,-1.496e+00,-1.496e+00,-1.496e+00,-1.210e+00,-1.496e+00,-1.302e+00,-1.496e+00,-1.056e+00,-1.496e+00
