2.166e+00,3.870e-02,1.672e-01,1.355e-02,5.567e-01,1.755e-01,-1.036e+00,-5.380e-01,1.904e-01,-1.353e-01,-3.160e-01,-5.642e-03,-2.016e-01,3.847e-02,1.548e-01,9.034e-02,-3.834e-01,-8.421e-02,5.695e-02,-1.036e+00
3.870e-02,2.166e+00,1.233e+00,5.443e-01,1.198e+00,1.167e+00,-9.732e-01,-1.172e+00,3.779e-01,7.168e-01,3.967e-01,8.878e-01,5.777e-01,9.850e-01,1.183e+00,1.238e+00,5.937e-01,1.224e+00,3.870e-02,-1.129e+00
1.672e-01,1.233e+00,2.166e+00,5.403e-01,6.976e-01,1.327e+00,-1.106e+00,-7.639e-01,2.225e-01,2.620e-01,2.069e-01,5.104e-01,2.485e-01,1.036e+00,6.863e-01,6.386e-01,1.015e+00,1.115e+00,-5.436e-02,-1.174e+00
1.355e-02,5.443e-01,5.403e-01,2.166e+00,6.038e-01,5.803e-01,-8.034e-01,-2.278e-01,-4.500e-01,9.210e-01,-8.315e-02,2.862e-01,1.467e-01,5.300e-02,7.743e-01,7.506e-01,3.940e-01,6.297e-01,3.467e-02,-1.335e+00
5.567e-01,1.198e+00,6.976e-01,6.038e-01,2.166e+00,1.048e+00,-1.332e+00,-6.898e-01,-6.873e-01,9.743e-01,4.746e-01,9.854e-01,6.628e-01,6.628e-01,1.352e+00,1.143e+00,3.361e-01,1.239e+00,-3.646e-01,-1.492e+00
1.755e-01,1.167e+00,1.327e+00,5.803e-01,1.048e+00,2.166e+00,-9.408e-01,-9.568e-01,-5.901e-01,7.132e-01,3.385e-01,8.148e-01,5.140e-01,5.140e-01,1.003e+00,9.621e-01,9.923e-01,9.973e-01,1.162e-01,-1.401e+00
-1.036e+00,-9.732e-01,-1.106e+00,-8.034e-01,-1.332e+00,-9.408e-01,2.166e+00,-1.540e+00,-5.276e-01,-1.540e+00,-1.149e+00,-1.540e+00,-1.257e+00,-1.540e+00,-1.314e+00,-1.540e+00,-1.395e+00,-1.540e+00,-1.540e+00,-1.540e+00
-5.380e-01,-1.172e+00,-7.639e-01,-2.278e-01,-6.898e-01,-9.568e-01,-1.540e+00,2.166e+00,-2.278e-01,1.273e-01,-6.898e-01,-7.125e-01,-1.017e+00,-4.773e-01,-1.231e+00,-1.015e+00,-1.540e+00,-6.898e-01,5.641e-01,-1.540e+00
1.904e-01,3.779e-01,2.225e-01,-4.500e-01,-6.873e-01,-5.901e-01,-5.276e-01,-2.278e-01,2.166e+00,-2.936e-01,-8.964e-01,-8.964e-01,-8.904e-01,-5.762e-01,-6.570e-01,-1.148e+00,-8.569e-01,-9.044e-01,-3.016e-01,-1.384e+00
-1.353e-01,7.168e-01,2.620e-01,9.210e-01,9.743e-01,7.132e-01,-1.540e+00,1.273e-01,-2.936e-01,2.166e+00,1.302e-01,5.537e-01,4.892e-01,2.863e-01,8.457e-01,7.538e-01,2.319e-01,8.438e-01,3.828e-01,-1.177e+00
-3.160e-01,3.967e-01,2.069e-01,-8.315e-02,4.746e-01,3.385e-01,-1.149e+00,-6.898e-01,-8.964e-01,1.302e-01,2.166e+00,1.416e+00,1.112e+00,5.966e-01,7.408e-01,8.832e-01,2.893e-01,4.795e-01,-5.314e-01,-1.540e+00
-5.642e-03,8.878e-01,5.104e-01,2.862e-01,9.854e-01,8.148e-01,-1.540e+00,-7.125e-01,-8.964e-01,5.537e-01,1.416e+00,2.166e+00,1.785e+00,1.138e+00,1.319e+00,1.498e+00,3.436e-01,9.915e-01,-3.892e-01,-1.540e+00
-2.016e-01,5.777e-01,2.485e-01,1.467e-01,6.628e-01,5.140e-01,-1.257e+00,-1.017e+00,-8.904e-01,4.892e-01,1.112e+00,1.785e+00,2.166e+00,8.768e-01,1.084e+00,1.110e+00,2.459e-01,8.785e-01,-3.131e-01,-1.540e+00
3.847e-02,9.850e-01,1.036e+00,5.300e-02,6.628e-01,5.140e-01,-1.540e+00,-4.773e-01,-5.762e-01,2.863e-01,5.966e-01,1.138e+00,8.768e-01,2.166e+00,1.153e+00,1.208e+00,1.388e-01,6.682e-01,1.330e-01,-1.540e+00
1.548e-01,1.183e+00,6.863e-01,7.743e-01,1.352e+00,1.003e+00,-1.314e+00,-1.231e+00,-6.570e-01,8.457e-01,7.408e-01,1.319e+00,1.084e+00,1.153e+00,2.166e+00,1.376e+00,5.388e-01,1.194e+00,-1.763e-01,-1.234e+00
9.034e-02,1.238e+00,6.386e-01,7.506e-01,1.143e+00,9.621e-01,-1.540e+00,-1.015e+00,-1.148e+00,7.538e-01,8.832e-01,1.498e+00,1.110e+00,1.208e+00,1.376e+00,2.166e+00,4.075e-01,8.937e-01,-3.172e-01,-1.540e+00
-3.834e-01,5.937e-01,1.015e+00,3.940e-01,3.361e-01,9.923e-01,-1.395e+00,-1.540e+00,-8.569e-01,2.319e-01,2.893e-01,3.436e-01,2.459e-01,1.388e-01,5.388e-01,4.075e-01,2.166e+00,7.950e-01,-2.120e-01,-1.473e+00
-8.421e-02,1.224e+00,1.115e+00,6.297e-01,1.239e+00,9.973e-01,-1.540e+00,-6.898e-01,-9.044e-01,8.438e-01,4.795e-01,9.915e-01,8.785e-01,6.682e-01,1.194e+00,8.937e-01,7.950e-01,2.166e+00,-2.298e-01,-1.540e+00
5.695e-02,3.870e-02,-5.436e-02,3.467e-02,-3.646e-01,1.162e-01,-1.540e+00,5.641e-01,-3.016e-01,3.828e-01,-5.314e-01,-3.892e-01,-3.131e-01,1.330e-01,-1.763e-01,-3.172e-01,-2.120e-01,-2.298e-01,2.166e+00,-1.210e+00
-1.036e+00,-1.129e+00,-1.174e+00,-1.335e+00,-1.492e+00,-1.401e+00,-1.540e+00,-1.540e+00,-1.384e+00,-1.177e+00,-1.540e+00,-1.540e+00,-1.540e+00,-1.540e+00,-1.234e+00,-1.540e+00,-1.473e+00,-1.540e+00,-1.210e+00,2.166e+00
