2.961e+00,-3.126e-01,5.129e-01,7.489e-02,-2.789e-01,-7.672e-02,-5.035e-01,-4.024e-01,4.680e-01,-2.059e-01,-1.497e-01,1.891e-03,-5.203e-01,-2.003e-01,7.507e-03,-8.795e-02,-7.672e-02,1.142e-01,-2.845e-01,-1.031e+00
-3.126e-01,2.961e+00,8.947e-01,2.435e-02,3.893e-01,3.893e-01,-1.048e+00,-1.177e+00,-3.799e-01,-2.171e-01,-2.618e-02,5.353e-01,5.690e-01,8.947e-01,7.487e-01,7.656e-01,4.120e-02,8.947e-01,-7.672e-02,-8.067e-01
5.129e-01,8.947e-01,2.961e+00,5.804e-02,1.254e-01,5.241e-01,-7.899e-01,-4.586e-01,1.816e-01,3.557e-01,6.366e-02,4.174e-01,3.837e-01,9.172e-01,5.353e-01,4.343e-01,1.647e-01,8.329e-01,3.837e-01,-5.540e-01
7.489e-02,2.435e-02,5.804e-02,2.961e+00,-1.495e-02,-6.549e-02,-9.527e-01,-2.676e-01,5.971e-01,2.490e-01,2.321e-01,6.366e-02,1.760e-01,-7.672e-02,3.107e-01,5.297e-01,8.612e-02,7.319e-01,2.939e-01,-5.989e-01
-2.789e-01,3.893e-01,1.254e-01,-1.495e-02,2.961e+00,7.094e-01,-1.116e+00,-4.529e-01,-5.877e-01,1.013e+00,-8.234e-02,4.511e-01,-6.549e-02,4.623e-01,4.681e-02,3.781e-01,-1.890e-01,1.928e+00,-1.495e-02,-1.278e+00
-7.672e-02,3.893e-01,5.241e-01,-6.549e-02,7.094e-01,2.961e+00,-7.337e-01,-7.056e-01,-3.743e-01,1.816e-01,1.591e-01,5.073e-01,7.489e-02,2.433e-01,5.859e-01,4.792e-01,6.533e-01,1.350e+00,4.681e-02,-6.270e-01
-5.035e-01,-1.048e+00,-7.899e-01,-9.527e-01,-1.116e+00,-7.337e-01,2.961e+00,-1.576e+00,-9.920e-01,-1.419e+00,-6.944e-01,-1.138e+00,-1.132e+00,-1.481e+00,-9.022e-01,-1.385e+00,-1.481e+00,-1.065e+00,-1.531e+00,-1.761e+00
-4.024e-01,-1.177e+00,-4.586e-01,-2.676e-01,-4.529e-01,-7.056e-01,-1.576e+00,2.961e+00,-3.968e-01,5.859e-01,-5.989e-01,-4.080e-01,-9.639e-01,-5.428e-01,-9.864e-01,-8.572e-01,-1.155e+00,-4.810e-01,3.669e-01,-1.447e+00
4.680e-01,-3.799e-01,1.816e-01,5.971e-01,-5.877e-01,-3.743e-01,-9.920e-01,-3.968e-01,2.961e+00,-1.048e-01,-7.112e-01,-5.933e-01,-7.393e-01,-2.845e-01,-7.842e-01,-6.944e-01,-6.102e-01,7.936e-01,-3.180e-02,-1.087e+00
-2.059e-01,-2.171e-01,3.557e-01,2.490e-01,1.013e+00,1.816e-01,-1.419e+00,5.859e-01,-1.048e-01,2.961e+00,-2.339e-01,7.993e-01,-1.273e-01,7.489e-02,4.960e-01,2.939e-01,-2.845e-01,9.340e-01,7.993e-01,-9.808e-01
-1.497e-01,-2.618e-02,6.366e-02,2.321e-01,-8.234e-02,1.591e-01,-6.944e-01,-5.989e-01,-7.112e-01,-2.339e-01,2.961e+00,1.692e+00,1.142e+00,7.094e-01,6.589e-01,8.386e-01,2.770e-01,1.731e+00,-4.810e-01,-8.572e-01
1.891e-03,5.353e-01,4.174e-01,6.366e-02,4.511e-01,5.073e-01,-1.138e+00,-4.080e-01,-5.933e-01,7.993e-01,1.692e+00,2.961e+00,1.934e+00,1.473e+00,1.473e+00,1.653e+00,-1.104e-01,7.936e-01,-1.778e-01,-1.003e+00
-5.203e-01,5.690e-01,3.837e-01,1.760e-01,-6.549e-02,7.489e-02,-1.132e+00,-9.639e-01,-7.393e-01,-1.273e-01,1.142e+00,1.934e+00,2.961e+00,1.164e+00,1.389e+00,1.153e+00,1.312e-02,1.029e+00,-3.743e-01,-9.920e-01
-2.003e-01,8.947e-01,9.172e-01,-7.672e-02,4.623e-01,2.433e-01,-1.481e+00,-5.428e-01,-2.845e-01,7.489e-02,7.094e-01,1.473e+00,1.164e+00,2.961e+00,1.305e+00,1.496e+00,1.535e-01,8.105e-01,2.714e-01,-1.172e+00
7.507e-03,7.487e-01,5.353e-01,3.107e-01,4.681e-02,5.859e-01,-9.022e-01,-9.864e-01,-7.842e-01,4.960e-01,6.589e-01,1.473e+00,1.389e+00,1.305e+00,2.961e+00,1.748e+00,1.142e-01,9.677e-01,-3.406e-01,-9.583e-01
-8.795e-02,7.656e-01,4.343e-01,5.297e-01,3.781e-01,4.792e-01,-1.385e+00,-8.572e-01,-6.944e-01,2.939e-01,8.386e-01,1.653e+00,1.153e+00,1.496e+00,1.748e+00,2.961e+00,-1.495e-02,8.554e-01,-1.497e-01,-1.357e+00
-7.672e-02,4.120e-02,1.647e-01,8.612e-02,-1.890e-01,6.533e-01,-1.481e+00,-1.155e+00,-6.102e-01,-2.845e-01,2.770e-01,-1.104e-01,1.312e-02,1.535e-01,1.142e-01,-1.495e-02,2.961e+00,1.496e+00,-3.743e-01,-7.169e-01
1.142e-01,8.947e-01,8.329e-01,7.319e-01,1.928e+00,1.350e+00,-1.065e+00,-4.810e-01,7.936e-01,9.340e-01,1.731e+00,7.936e-01,1.029e+00,8.105e-01,9.677e-01,8.554e-01,1.496e+00,2.961e+00,6.813e-01,2.997e-02
-2.845e-01,-7.672e-02,3.837e-01,2.939e-01,-1.495e-02,4.681e-02,-1.531e+00,3.669e-01,-3.180e-02,7.993e-01,-4.810e-01,-1.778e-01,-3.743e-01,2.714e-01,-3.406e-01,-1.497e-01,-3.743e-01,6.813e-01,2.961e+00,-8.292e-01
-1.031e+00,-8.067e-01,-5.540e-01,-5.989e-01,-1.278e+00,-6.270e-01,-1.761e+00,-1.447e+00,-1.087e+00,-9.808e-01,-8.572e-01,-1.003e+00,-9.920e-01,-1.172e+00,-9.583e-01,-1.357e+00,-7.169e-01,2.997e-02,-8.292e-01,2.961e+00
