2.966e+00,8.762e-01,2.617e-01,3.064e-01,4.583e-01,-7.355e-02,-6.561e-01,-1.928e-02,1.797e-01,1.573e+00,-9.888e-02,-9.888e-02,-4.173e-01,3.064e-01,6.441e-01,4.583e-01,1.797e-01,3.064e-01,-2.846e-01,-6.163e-01
8.762e-01,2.966e+00,4.583e-01,-1.940e-01,-1.928e-02,1.421e-01,-6.163e-01,-2.846e-01,-1.685e-01,1.175e+00,-2.489e-01,1.064e-01,-9.888e-02,4.176e-01,2.617e-01,5.075e-01,-2.103e-01,2.617e-01,-3.979e-01,-8.245e-01
2.617e-01,4.583e-01,2.966e+00,4.583e-01,-1.928e-02,2.130e+00,1.797e-01,-4.535e-01,-2.846e-01,-1.928e-02,-9.888e-02,1.348e-01,-1.135e-01,2.403e-01,3.064e-01,3.538e-01,1.175e+00,1.573e+00,-2.846e-01,-9.437e-01
3.064e-01,-1.940e-01,4.583e-01,2.966e+00,6.441e-01,8.762e-01,-7.954e-01,-1.685e-01,-5.534e-01,2.195e-01,-1.928e-02,-1.928e-02,-2.635e-01,4.583e-01,8.762e-01,1.573e+00,4.583e-01,4.583e-01,-2.846e-01,-9.674e-01
4.583e-01,-1.928e-02,-1.928e-02,6.441e-01,2.966e+00,4.583e-01,-1.039e+00,-3.775e-01,-2.846e-01,4.583e-01,7.257e-02,7.155e-01,-3.335e-01,6.441e-01,1.175e+00,8.762e-01,-1.685e-01,1.573e+00,-5.703e-01,-1.141e+00
-7.355e-02,1.421e-01,2.130e+00,8.762e-01,4.583e-01,2.966e+00,-4.535e-01,-7.734e-01,-6.101e-01,3.064e-01,-2.103e-01,4.583e-01,-1.298e-01,-1.928e-02,5.160e-01,1.797e-01,1.573e+00,2.130e+00,-1.348e-01,-1.023e+00
-6.561e-01,-6.163e-01,1.797e-01,-7.954e-01,-1.039e+00,-4.535e-01,2.966e+00,-1.213e+00,-7.954e-01,-1.213e+00,-7.216e-01,-1.213e+00,-8.650e-01,-1.213e+00,-4.535e-01,-1.928e-02,-1.004e+00,-1.213e+00,-1.213e+00,-6.740e-01
-1.928e-02,-2.846e-01,-4.535e-01,-1.685e-01,-3.775e-01,-7.734e-01,-1.213e+00,2.966e+00,3.064e-01,1.240e-01,-6.163e-01,-3.487e-01,-7.847e-01,-4.535e-01,-7.489e-01,-8.499e-01,-1.213e+00,-6.163e-01,2.792e-01,-1.213e+00
1.797e-01,-1.685e-01,-2.846e-01,-5.534e-01,-2.846e-01,-6.101e-01,-7.954e-01,3.064e-01,2.966e+00,-1.928e-02,-5.703e-01,-7.357e-01,-7.357e-01,-5.703e-01,-7.615e-01,-8.334e-01,-8.390e-01,-5.703e-01,-4.758e-01,-9.377e-01
1.573e+00,1.175e+00,-1.928e-02,2.195e-01,4.583e-01,3.064e-01,-1.213e+00,1.240e-01,-1.928e-02,2.966e+00,4.583e-01,4.583e-01,-1.417e-01,1.064e-01,5.777e-01,2.792e-01,-9.888e-02,2.792e-01,2.403e-01,-7.216e-01
-9.888e-02,-2.489e-01,-9.888e-02,-1.928e-02,7.257e-02,-2.103e-01,-7.216e-01,-6.163e-01,-5.703e-01,4.583e-01,2.966e+00,1.573e+00,1.066e+00,1.772e+00,4.583e-01,8.762e-01,-2.696e-01,-1.928e-02,-5.942e-01,-1.213e+00
-9.888e-02,1.064e-01,1.348e-01,-1.928e-02,7.155e-01,4.583e-01,-1.213e+00,-3.487e-01,-7.357e-01,4.583e-01,1.573e+00,2.966e+00,2.048e+00,1.772e+00,1.213e+00,1.851e+00,-3.335e-01,2.617e-01,-4.969e-01,-1.213e+00
-4.173e-01,-9.888e-02,-1.135e-01,-2.635e-01,-3.335e-01,-1.298e-01,-8.650e-01,-7.847e-01,-7.357e-01,-1.417e-01,1.066e+00,2.048e+00,2.966e+00,1.066e+00,1.046e+00,1.272e+00,-4.535e-01,-8.382e-02,-4.173e-01,-1.213e+00
3.064e-01,4.176e-01,2.403e-01,4.583e-01,6.441e-01,-1.928e-02,-1.213e+00,-4.535e-01,-5.703e-01,1.064e-01,1.772e+00,1.772e+00,1.066e+00,2.966e+00,9.991e-01,1.573e+00,-2.846e-01,4.583e-01,-2.489e-01,-1.213e+00
6.441e-01,2.617e-01,3.064e-01,8.762e-01,1.175e+00,5.160e-01,-4.535e-01,-7.489e-01,-7.615e-01,5.777e-01,4.583e-01,1.213e+00,1.046e+00,9.991e-01,2.966e+00,1.573e+00,-1.928e-02,8.762e-01,-4.297e-01,-1.004e+00
4.583e-01,5.075e-01,3.538e-01,1.573e+00,8.762e-01,1.797e-01,-1.928e-02,-8.499e-01,-8.334e-01,2.792e-01,8.762e-01,1.851e+00,1.272e+00,1.573e+00,1.573e+00,2.966e+00,-1.685e-01,6.441e-01,-4.044e-01,-1.213e+00
1.797e-01,-2.103e-01,1.175e+00,4.583e-01,-1.685e-01,1.573e+00,-1.004e+00,-1.213e+00,-8.390e-01,-9.888e-02,-2.696e-01,-3.335e-01,-4.535e-01,-2.846e-01,-1.928e-02,-1.685e-01,2.966e+00,1.175e+00,-4.535e-01,-1.072e+00
3.064e-01,2.617e-01,1.573e+00,4.583e-01,1.573e+00,2.130e+00,-1.213e+00,-6.163e-01,-5.703e-01,2.792e-01,-1.928e-02,2.617e-01,-8.382e-02,4.583e-01,8.762e-01,6.441e-01,1.175e+00,2.966e+00,-4.044e-01,-1.213e+00
-2.846e-01,-3.979e-01,-2.846e-01,-2.846e-01,-5.703e-01,-1.348e-01,-1.213e+00,2.792e-01,-4.758e-01,2.403e-01,-5.942e-01,-4.969e-01,-4.173e-01,-2.489e-01,-4.297e-01,-4.044e-01,-4.535e-01,-4.044e-01,2.966e+00,1.797e-01
-6.163e-01,-8.245e-01,-9.437e-01,-9.674e-01,-1.141e+00,-1.023e+00,-6.740e-01,-1.213e+00,-9.377e-01,-7.216e-01,-1.213e+00,-1.213e+00,-1.213e+00,-1.213e+00,-1.004e+00,-1.213e+00,-1.072e+00,-1.213e+00,1.797e-01,2.966e+00
