-1.547e+00,9.952e-01,-1.347e-01,-6.519e-01,6.961e-01,7.641e-01,-3.365e-01,-5.693e-01,1.478e-01,1.863e-01,-6.997e-01,-4.417e-01,-8.048e-01,-3.701e-01,-6.391e-01,-2.090e-01,-5.163e-02,-2.759e-01,-1.782e-01,-4.255e-01,4.600e-01,1.478e-01,1.478e-01,-2.759e-01,-2.090e-01,9.952e-01,-3.915e-01,-1.345e+00,9.952e-01,-3.447e-01,1.177e+00,4.184e-02,1.478e-01,-3.365e-01,-2.759e-01,2.688e-01,7.641e-01,4.085e-01,4.184e-02,9.952e-01,-4.878e-01,7.641e-01,-1.347e-01,9.952e-01,5.715e-01,-1.347e-01,-6.391e-01
9.952e-01,-1.547e+00,5.142e-01,-1.729e-01,1.863e-01,1.631e+00,-4.878e-01,-6.902e-02,4.809e+00,1.478e-01,-9.115e-01,-1.547e+00,-8.066e-01,-3.915e-01,-4.417e-01,-5.163e-02,3.222e-01,-6.997e-01,-3.070e-01,-2.759e-01,1.478e-01,1.234e+00,-1.347e-01,-4.878e-01,4.184e-02,1.631e+00,-1.547e+00,-1.547e+00,1.631e+00,-7.994e-01,1.798e+00,-3.365e-01,4.085e-01,-2.090e-01,-4.653e-01,4.085e-01,1.278e+00,7.641e-01,8.741e-01,1.631e+00,1.513e+00,1.278e+00,6.961e-01,1.631e+00,4.184e-02,-6.704e-01,-1.229e+00
-1.347e-01,5.142e-01,-1.547e+00,-1.948e-01,9.952e-01,3.084e-03,-3.915e-01,-3.646e-01,-6.409e-02,5.142e-01,-6.391e-01,-3.915e-01,1.109e-01,-2.759e-01,-2.759e-01,-2.172e-02,-3.915e-01,3.789e-01,3.131e-01,9.309e-02,2.184e-01,-1.541e-01,8.870e-01,-6.902e-02,-1.852e-01,9.309e-02,-1.547e+00,-4.255e-01,9.309e-02,5.715e-01,2.688e-01,9.952e-01,-8.039e-02,1.478e-01,1.109e-01,4.085e-01,2.370e-01,3.131e-01,9.309e-02,4.085e-01,1.478e-01,9.332e-01,6.961e-01,1.070e+00,-2.172e-02,-3.070e-01,-9.559e-01
-6.519e-01,-1.729e-01,-1.948e-01,-1.547e+00,-6.902e-02,-5.877e-01,-4.878e-01,-7.526e-01,-3.554e-01,-5.052e-01,-8.207e-01,-1.547e+00,-5.395e-01,-8.600e-01,-6.391e-01,-7.688e-01,-8.409e-01,-5.693e-01,-7.181e-01,-1.017e+00,3.596e-01,-5.693e-01,-8.137e-01,-5.693e-01,-5.360e-01,-9.270e-01,-1.137e+00,-1.547e+00,-1.017e+00,1.478e-01,-5.163e-02,2.364e+00,-8.781e-01,-7.844e-01,-4.321e-01,-5.436e-01,1.478e-01,-1.347e-01,-4.878e-01,-2.090e-01,-6.804e-01,-7.181e-01,-3.646e-01,-5.693e-01,-5.693e-01,-7.526e-01,-1.204e+00
6.961e-01,1.863e-01,9.952e-01,-6.902e-02,-1.547e+00,4.600e-01,1.769e+00,9.309e-02,7.344e-01,7.641e-01,-6.391e-01,-3.915e-01,-1.347e-01,-2.759e-01,-2.759e-01,8.363e-01,4.184e-02,1.478e-01,6.445e-01,1.631e+00,4.184e-02,-1.347e-01,9.952e-01,9.952e-01,1.444e+00,8.363e-01,-1.547e+00,-7.526e-01,6.961e-01,2.688e-01,6.636e-01,-6.311e-03,1.478e-01,1.255e-01,4.184e-02,8.741e-01,9.952e-01,2.085e+00,1.129e+00,1.177e+00,9.952e-01,6.636e-01,7.641e-01,8.069e-01,5.715e-01,-1.347e-01,-1.237e+00
7.641e-01,1.631e+00,3.084e-03,-5.877e-01,4.600e-01,-1.547e+00,-8.207e-01,4.184e-02,-2.759e-01,2.688e-01,-9.115e-01,4.184e-02,-8.177e-01,-5.436e-01,-6.391e-01,-1.347e-01,4.184e-02,-6.391e-01,4.184e-02,-2.759e-01,6.320e-01,2.688e-01,-1.347e-01,-8.137e-01,-1.347e-01,1.278e+00,-1.547e+00,-1.547e+00,1.278e+00,-2.434e-01,1.631e+00,-3.915e-01,2.688e-01,-1.026e-01,-2.759e-01,9.952e-01,9.952e-01,1.631e+00,1.843e+00,2.266e+00,1.920e+00,9.952e-01,1.444e+00,2.690e+00,4.184e-02,-1.347e-01,-1.173e+00
-3.365e-01,-4.878e-01,-3.915e-01,-4.878e-01,1.769e+00,-8.207e-01,-1.547e+00,-5.164e-01,-5.501e-01,-1.852e-01,-8.409e-01,-1.547e+00,-1.072e+00,8.258e-02,-5.937e-01,4.184e-02,-5.693e-01,2.688e-01,-6.170e-01,4.085e-01,-5.693e-01,-5.693e-01,-2.759e-01,4.085e-01,-1.852e-01,-2.090e-01,-1.547e+00,-1.017e+00,8.741e-01,2.688e-01,4.085e-01,-2.172e-02,-4.878e-01,-4.878e-01,-2.759e-01,-6.055e-01,8.741e-01,3.596e-01,-5.302e-01,-2.759e-01,-3.365e-01,-2.759e-01,-6.391e-01,-6.391e-01,-2.090e-01,-7.767e-01,-1.547e+00
-5.693e-01,-6.902e-02,-3.646e-01,-7.526e-01,9.309e-02,4.184e-02,-5.164e-01,-1.547e+00,-5.164e-01,-1.347e-01,-1.137e+00,1.109e-01,-8.409e-01,2.688e-01,-6.391e-01,-6.997e-01,-6.704e-01,-5.693e-01,-6.391e-01,-6.391e-01,3.596e-01,-8.102e-01,-6.055e-01,-4.575e-01,-6.055e-01,-5.164e-01,-6.055e-01,-1.547e+00,-2.759e-01,-6.704e-01,-3.554e-01,-5.693e-01,-7.994e-01,-7.181e-01,-2.090e-01,4.085e-01,-1.852e-01,-1.347e-01,-2.759e-01,3.361e-01,2.688e-01,-3.170e-01,-9.436e-02,-2.321e-01,-3.479e-01,2.688e-01,-1.547e+00
1.478e-01,4.809e+00,-6.409e-02,-3.554e-01,7.344e-01,-2.759e-01,-5.501e-01,-5.164e-01,-1.547e+00,2.688e-01,-6.997e-01,-2.759e-01,-5.768e-01,-1.347e-01,-5.540e-01,9.309e-02,3.222e-01,-2.759e-01,5.715e-01,1.765e-01,-3.701e-01,1.234e+00,4.085e-01,1.478e-01,-2.759e-01,2.688e-01,-1.547e+00,-1.109e+00,2.688e-01,4.085e-01,-5.163e-02,-6.391e-01,-3.554e-01,-3.009e-01,-2.759e-01,4.184e-02,-2.575e-01,5.715e-01,-2.172e-02,3.596e-01,2.688e-01,7.564e-02,-1.852e-01,-1.852e-01,-2.090e-01,-6.902e-02,-8.896e-01
1.863e-01,1.478e-01,5.142e-01,-5.052e-01,7.641e-01,2.688e-01,-1.852e-01,-1.347e-01,2.688e-01,-1.547e+00,-3.915e-01,-8.781e-01,-7.400e-01,-6.298e-01,-5.436e-01,2.688e-01,3.361e-01,-1.347e-01,-6.311e-03,7.641e-01,7.641e-01,4.867e-01,9.952e-01,-6.391e-01,9.952e-01,1.278e+00,-1.547e+00,-1.173e+00,1.386e+00,-1.347e-01,6.636e-01,1.478e-01,-2.172e-02,1.007e-01,-5.693e-01,2.688e-01,7.877e-01,9.952e-01,3.596e-01,9.952e-01,7.641e-01,2.688e-01,1.083e+00,5.222e-01,1.278e+00,9.309e-02,-1.258e+00
-6.997e-01,-9.115e-01,-6.391e-01,-8.207e-01,-6.391e-01,-9.115e-01,-8.409e-01,-1.137e+00,-6.997e-01,-3.915e-01,-1.547e+00,-1.547e+00,-1.279e+00,-9.115e-01,-1.173e+00,-1.221e+00,-8.409e-01,-5.693e-01,-9.115e-01,-1.017e+00,-1.547e+00,-5.693e-01,-1.213e+00,-5.693e-01,-9.693e-01,-1.017e+00,-1.547e+00,-1.547e+00,-1.017e+00,-6.997e-01,-5.693e-01,-8.781e-01,-7.994e-01,-1.017e+00,-5.693e-01,-1.407e+00,-6.997e-01,-6.391e-01,-1.547e+00,-9.418e-01,-9.418e-01,-1.547e+00,-9.944e-01,-1.547e+00,-1.229e+00,-1.547e+00,-1.547e+00
-4.417e-01,-1.547e+00,-3.915e-01,-1.547e+00,-3.915e-01,4.184e-02,-1.547e+00,1.109e-01,-2.759e-01,-8.781e-01,-1.547e+00,-1.547e+00,-8.781e-01,7.641e-01,-3.915e-01,-3.915e-01,-4.255e-01,-8.409e-01,-7.994e-01,-1.729e-01,4.867e-01,-1.039e+00,-1.162e+00,-1.237e+00,-1.388e+00,-1.109e+00,-1.547e+00,-1.547e+00,-4.255e-01,-6.602e-01,-6.997e-01,-7.526e-01,-6.391e-01,-8.952e-01,-4.878e-01,-3.915e-01,-1.258e+00,-9.418e-01,-1.058e+00,-8.781e-01,-8.781e-01,-3.915e-01,-8.409e-01,-9.944e-01,-1.547e+00,7.228e-01,-1.547e+00
-8.048e-01,-8.066e-01,1.109e-01,-5.395e-01,-1.347e-01,-8.177e-01,-1.072e+00,-8.409e-01,-5.768e-01,-7.400e-01,-1.279e+00,-8.781e-01,-1.547e+00,-1.852e-01,-2.090e-01,-6.628e-01,-8.781e-01,-1.123e+00,-9.796e-01,-1.194e+00,-7.994e-01,-7.994e-01,-6.853e-01,-1.227e+00,-1.148e-02,-9.531e-01,-1.101e+00,-1.547e+00,-8.207e-01,-9.194e-01,-3.915e-01,2.688e-01,-9.270e-01,-9.803e-01,-7.994e-01,-8.165e-01,-6.094e-01,-7.155e-01,-8.409e-01,-3.365e-01,-7.336e-01,-9.418e-01,-7.800e-01,-7.994e-01,-6.882e-01,-1.039e+00,-1.468e+00
-3.701e-01,-3.915e-01,-2.759e-01,-8.600e-01,-2.759e-01,-5.436e-01,8.258e-02,2.688e-01,-1.347e-01,-6.298e-01,-9.115e-01,7.641e-01,-1.852e-01,-1.547e+00,-2.759e-01,-6.997e-01,-3.915e-01,-6.391e-01,-6.901e-01,-8.081e-01,-1.347e-01,-6.997e-01,-8.409e-01,-4.417e-01,-3.915e-01,-7.994e-01,-1.547e+00,-1.213e+00,-1.347e-01,6.961e-01,-6.391e-01,-3.915e-01,-5.693e-01,-8.207e-01,1.478e-01,-1.347e-01,-1.347e-01,-4.878e-01,-1.017e+00,-4.417e-01,-7.526e-01,-5.693e-01,-8.600e-01,-9.693e-01,-9.779e-01,-4.255e-01,-1.128e+00
-6.391e-01,-4.417e-01,-2.759e-01,-6.391e-01,-2.759e-01,-6.391e-01,-5.937e-01,-6.391e-01,-5.540e-01,-5.436e-01,-1.173e+00,-3.915e-01,-2.090e-01,-2.759e-01,-1.547e+00,-7.994e-01,-3.915e-01,-1.109e+00,-6.997e-01,-7.270e-01,-1.347e-01,-6.519e-01,-6.764e-01,-1.347e-01,1.255e-01,-2.759e-01,-2.759e-01,-1.547e+00,-1.347e-01,-1.076e+00,6.961e-01,-6.551e-01,-5.693e-01,-8.310e-01,-6.997e-01,-3.915e-01,-6.997e-01,-5.693e-01,-8.207e-01,-4.878e-01,-4.878e-01,-5.693e-01,-4.729e-01,-6.997e-01,-6.704e-01,-6.602e-01,-1.547e+00
-2.090e-01,-5.163e-02,-2.172e-02,-7.688e-01,8.363e-01,-1.347e-01,4.184e-02,-6.997e-01,9.309e-02,2.688e-01,-1.221e+00,-3.915e-01,-6.628e-01,-6.997e-01,-7.994e-01,-1.547e+00,1.032e+00,1.428e+00,7.228e-01,1.843e+00,-4.878e-01,-2.759e-01,1.631e+00,1.352e+00,2.688e-01,9.952e-01,1.142e+00,-4.878e-01,1.278e+00,-2.434e-01,4.184e-02,-1.081e-01,1.863e-01,2.688e-01,1.047e+00,-9.436e-02,7.833e-01,1.278e+00,-6.311e-03,2.688e-01,1.478e-01,2.688e-01,2.688e-01,2.184e-01,4.085e-01,-1.347e-01,-1.204e+00
-5.163e-02,3.222e-01,-3.915e-01,-8.409e-01,4.184e-02,4.184e-02,-5.693e-01,-6.704e-01,3.222e-01,3.361e-01,-8.409e-01,-4.255e-01,-8.781e-01,-3.915e-01,-3.915e-01,1.032e+00,-1.547e+00,9.498e-01,6.041e-01,8.069e-01,-2.759e-01,1.631e+00,8.830e-01,5.715e-01,1.920e+00,3.361e-01,-1.547e+00,-6.551e-01,4.809e+00,-4.653e-01,-1.347e-01,-3.170e-01,3.596e-01,-8.039e-02,6.445e-01,-2.759e-01,4.085e-01,6.115e-01,-3.365e-01,1.478e-01,-7.526e-01,8.363e-01,-3.915e-01,1.478e-01,-5.693e-01,-3.365e-01,-1.058e+00
-2.759e-01,-6.997e-01,3.789e-01,-5.693e-01,1.478e-01,-6.391e-01,2.688e-01,-5.693e-01,-2.759e-01,-1.347e-01,-5.693e-01,-8.409e-01,-1.123e+00,-6.391e-01,-1.109e+00,1.428e+00,9.498e-01,-1.547e+00,1.409e+00,2.822e+00,-5.302e-01,4.184e-02,1.769e+00,2.209e+00,-1.559e-02,1.631e+00,-1.547e+00,2.688e-01,2.822e+00,1.386e+00,5.715e-01,4.184e-02,-4.417e-01,-6.170e-01,2.337e+00,-6.391e-01,8.870e-01,2.143e+00,-9.115e-01,5.715e-01,5.715e-01,-5.164e-01,-3.170e-01,-1.123e+00,-6.764e-01,-8.409e-01,-1.162e+00
-1.782e-01,-3.070e-01,3.131e-01,-7.181e-01,6.445e-01,4.184e-02,-6.170e-01,-6.391e-01,5.715e-01,-6.311e-03,-9.115e-01,-7.994e-01,-9.796e-01,-6.901e-01,-6.997e-01,7.228e-01,6.041e-01,1.409e+00,-1.547e+00,1.863e+00,-9.436e-02,-6.644e-01,1.920e+00,1.331e+00,1.109e-01,9.332e-01,-1.547e+00,-3.915e-01,1.863e+00,2.688e-01,-1.729e-01,-2.500e-01,-5.501e-01,-3.915e-01,1.278e+00,-2.090e-01,4.958e-01,1.631e+00,-2.759e-01,-2.172e-02,-8.039e-02,-1.852e-01,-6.311e-03,-6.311e-03,-3.009e-01,1.255e-01,-1.017e+00
-4.255e-01,-2.759e-01,9.309e-02,-1.017e+00,1.631e+00,-2.759e-01,4.085e-01,-6.391e-01,1.765e-01,7.641e-01,-1.017e+00,-1.729e-01,-1.194e+00,-8.081e-01,-7.270e-01,1.843e+00,8.069e-01,2.822e+00,1.863e+00,-1.547e+00,-6.311e-03,4.184e-02,1.342e+00,1.782e+00,7.641e-01,1.843e+00,2.232e+00,-3.170e-01,3.961e+00,7.641e-01,4.085e-01,1.255e-01,1.478e-01,-2.090e-01,2.565e+00,-5.163e-02,9.952e-01,2.836e+00,4.184e-02,7.641e-01,5.715e-01,7.641e-01,4.184e-02,-2.090e-01,9.952e-01,3.131e-01,-1.251e+00
4.600e-01,1.478e-01,2.184e-01,3.596e-01,4.184e-02,6.320e-01,-5.693e-01,3.596e-01,-3.701e-01,7.641e-01,-1.547e+00,4.867e-01,-7.994e-01,-1.347e-01,-1.347e-01,-4.878e-01,-2.759e-01,-5.302e-01,-9.436e-02,-6.311e-03,-1.547e+00,4.184e-02,-3.070e-01,-7.357e-01,-4.878e-01,1.478e-01,-1.547e+00,-2.090e-01,1.478e-01,-1.347e-01,5.715e-01,2.688e-01,-1.654e-01,8.258e-02,-3.365e-01,1.101e+00,4.184e-02,5.715e-01,4.867e-01,3.596e-01,2.688e-01,4.600e-01,1.177e+00,7.228e-01,1.478e-01,6.636e-01,-7.994e-01
1.478e-01,1.234e+00,-1.541e-01,-5.693e-01,-1.347e-01,2.688e-01,-5.693e-01,-8.102e-01,1.234e+00,4.867e-01,-5.693e-01,-1.039e+00,-7.994e-01,-6.997e-01,-6.519e-01,-2.759e-01,1.631e+00,4.184e-02,-6.644e-01,4.184e-02,4.184e-02,-1.547e+00,4.184e-02,4.184e-02,4.184e-02,4.085e-01,-1.547e+00,-9.512e-01,4.085e-01,-1.347e-01,5.715e-01,4.184e-02,5.715e-01,4.184e-02,4.184e-02,-1.347e-01,2.688e-01,4.184e-02,-1.347e-01,5.715e-01,5.715e-01,1.177e+00,-3.365e-01,4.085e-01,-4.255e-01,-7.526e-01,-1.375e+00
1.478e-01,-1.347e-01,8.870e-01,-8.137e-01,9.952e-01,-1.347e-01,-2.759e-01,-6.055e-01,4.085e-01,9.952e-01,-1.213e+00,-1.162e+00,-6.853e-01,-8.409e-01,-6.764e-01,1.631e+00,8.830e-01,1.769e+00,1.920e+00,1.342e+00,-3.070e-01,4.184e-02,-1.547e+00,1.404e+00,3.220e+00,1.278e+00,-1.547e+00,-5.302e-01,1.342e+00,1.478e-01,5.715e-01,-2.090e-01,-2.759e-01,4.184e-02,1.101e+00,-5.163e-02,7.641e-01,1.113e+00,1.478e-01,9.952e-01,7.641e-01,-1.654e-01,8.258e-02,8.258e-02,1.278e+00,-1.347e-01,-8.600e-01
-2.759e-01,-4.878e-01,-6.902e-02,-5.693e-01,9.952e-01,-8.137e-01,4.085e-01,-4.575e-01,1.478e-01,-6.391e-01,-5.693e-01,-1.237e+00,-1.227e+00,-4.417e-01,-1.347e-01,1.352e+00,5.715e-01,2.209e+00,1.331e+00,1.782e+00,-7.357e-01,4.184e-02,1.404e+00,-1.547e+00,9.309e-02,1.177e+00,-1.547e+00,-1.347e-01,1.782e+00,9.246e-01,4.184e-02,-2.172e-02,-3.915e-01,-7.994e-01,2.690e+00,-8.409e-01,9.060e-01,1.553e+00,-1.039e+00,-7.526e-01,-7.994e-01,-7.357e-01,-2.090e-01,-1.039e+00,-7.813e-01,-1.123e+00,-1.229e+00
-2.090e-01,4.184e-02,-1.852e-01,-5.360e-01,1.444e+00,-1.347e-01,-1.852e-01,-6.055e-01,-2.759e-01,9.952e-01,-9.693e-01,-1.388e+00,-1.148e-02,-3.915e-01,1.255e-01,2.688e-01,1.920e+00,-1.559e-02,1.109e-01,7.641e-01,-4.878e-01,4.184e-02,3.220e+00,9.309e-02,-1.547e+00,2.690e+00,9.952e-01,-9.418e-01,9.952e-01,-4.878e-01,8.363e-01,1.478e-01,-2.759e-01,4.184e-02,-5.163e-02,-5.163e-02,7.641e-01,9.952e-01,1.478e-01,9.952e-01,7.641e-01,-2.759e-01,-1.347e-01,-1.347e-01,1.278e+00,-4.417e-01,-1.150e+00
9.952e-01,1.631e+00,9.309e-02,-9.270e-01,8.363e-01,1.278e+00,-2.090e-01,-5.164e-01,2.688e-01,1.278e+00,-1.017e+00,-1.109e+00,-9.531e-01,-7.994e-01,-2.759e-01,9.952e-01,3.361e-01,1.631e+00,9.332e-01,1.843e+00,1.478e-01,4.085e-01,1.278e+00,1.177e+00,2.690e+00,-1.547e+00,4.809e+00,-7.767e-01,1.843e+00,1.863e-01,1.631e+00,1.255e-01,4.085e-01,-2.090e-01,1.818e+00,4.085e-01,1.278e+00,2.836e+00,2.688e-01,1.631e+00,9.952e-01,1.278e+00,6.445e-01,1.631e+00,1.631e+00,-3.915e-01,-1.251e+00
-3.915e-01,-1.547e+00,-1.547e+00,-1.137e+00,-1.547e+00,-1.547e+00,-1.547e+00,-6.055e-01,-1.547e+00,-1.547e+00,-1.547e+00,-1.547e+00,-1.101e+00,-1.547e+00,-2.759e-01,1.142e+00,-1.547e+00,-1.547e+00,-1.547e+00,2.232e+00,-1.547e+00,-1.547e+00,-1.547e+00,-1.547e+00,9.952e-01,4.809e+00,-1.547e+00,-1.547e+00,-1.547e+00,-1.547e+00,1.631e+00,-1.347e-01,-1.547e+00,-6.704e-01,-1.547e+00,-1.547e+00,-1.547e+00,-1.547e+00,-1.547e+00,-1.547e+00,7.641e-01,-1.547e+00,-1.547e+00,-1.547e+00,-1.547e+00,-4.417e-01,-1.547e+00
-1.345e+00,-1.547e+00,-4.255e-01,-1.547e+00,-7.526e-01,-1.547e+00,-1.017e+00,-1.547e+00,-1.109e+00,-1.173e+00,-1.547e+00,-1.547e+00,-1.547e+00,-1.213e+00,-1.547e+00,-4.878e-01,-6.551e-01,2.688e-01,-3.915e-01,-3.170e-01,-2.090e-01,-9.512e-01,-5.302e-01,-1.347e-01,-9.418e-01,-7.767e-01,-1.547e+00,-1.547e+00,-3.915e-01,3.361e-01,-6.704e-01,-8.600e-01,-4.878e-01,-9.418e-01,-4.878e-01,-1.420e+00,-5.693e-01,-3.554e-01,-6.170e-01,-1.293e+00,-1.298e+00,-1.213e+00,-6.704e-01,-1.547e+00,-1.032e+00,-1.547e+00,-1.271e+00
9.952e-01,1.631e+00,9.309e-02,-1.017e+00,6.961e-01,1.278e+00,8.741e-01,-2.759e-01,2.688e-01,1.386e+00,-1.017e+00,-4.255e-01,-8.207e-01,-1.347e-01,-1.347e-01,1.278e+00,4.809e+00,2.822e+00,1.863e+00,3.961e+00,1.478e-01,4.085e-01,1.342e+00,1.782e+00,9.952e-01,1.843e+00,-1.547e+00,-3.915e-01,-1.547e+00,6.636e-01,7.641e-01,1.255e-01,4.085e-01,-2.090e-01,2.565e+00,9.952e-01,1.278e+00,2.836e+00,2.688e-01,1.631e+00,7.641e-01,1.278e+00,4.184e-02,1.631e+00,1.278e+00,-8.039e-02,-2.759e-01
-3.447e-01,-7.994e-01,5.715e-01,1.478e-01,2.688e-01,-2.434e-01,2.688e-01,-6.704e-01,4.085e-01,-1.347e-01,-6.997e-01,-6.602e-01,-9.194e-01,6.961e-01,-1.076e+00,-2.434e-01,-4.653e-01,1.386e+00,2.688e-01,7.641e-01,-1.347e-01,-1.347e-01,1.478e-01,9.246e-01,-4.878e-01,1.863e-01,-1.547e+00,3.361e-01,6.636e-01,-1.547e+00,9.952e-01,-1.347e-01,1.478e-01,-6.391e-01,3.361e-01,-3.646e-01,2.688e-01,4.085e-01,-7.526e-01,4.085e-01,4.085e-01,-6.997e-01,-2.759e-01,-9.418e-01,-1.039e+00,-1.347e-01,-1.101e+00
1.177e+00,1.798e+00,2.688e-01,-5.163e-02,6.636e-01,1.631e+00,4.085e-01,-3.554e-01,-5.163e-02,6.636e-01,-5.693e-01,-6.997e-01,-3.915e-01,-6.391e-01,6.961e-01,4.184e-02,-1.347e-01,5.715e-01,-1.729e-01,4.085e-01,5.715e-01,5.715e-01,5.715e-01,4.184e-02,8.363e-01,1.631e+00,1.631e+00,-6.704e-01,7.641e-01,9.952e-01,-1.547e+00,1.478e-01,4.184e-02,9.309e-02,4.184e-02,8.363e-01,5.715e-01,1.177e+00,6.961e-01,4.809e+00,4.809e+00,5.715e-01,8.741e-01,1.177e+00,1.386e+00,-1.347e-01,-1.184e+00
4.184e-02,-3.365e-01,9.952e-01,2.364e+00,-6.311e-03,-3.915e-01,-2.172e-02,-5.693e-01,-6.391e-01,1.478e-01,-8.781e-01,-7.526e-01,2.688e-01,-3.915e-01,-6.551e-01,-1.081e-01,-3.170e-01,4.184e-02,-2.500e-01,1.255e-01,2.688e-01,4.184e-02,-2.090e-01,-2.172e-02,1.478e-01,1.255e-01,-1.347e-01,-8.600e-01,1.255e-01,-1.347e-01,1.478e-01,-1.547e+00,-4.878e-01,-5.693e-01,5.715e-01,-2.090e-01,8.363e-01,1.707e-01,-3.915e-01,1.478e-01,1.478e-01,-4.878e-01,-3.915e-01,4.184e-02,-3.915e-01,-2.759e-01,-1.173e+00
1.478e-01,4.085e-01,-8.039e-02,-8.781e-01,1.478e-01,2.688e-01,-4.878e-01,-7.994e-01,-3.554e-01,-2.172e-02,-7.994e-01,-6.391e-01,-9.270e-01,-5.693e-01,-5.693e-01,1.863e-01,3.596e-01,-4.417e-01,-5.501e-01,1.478e-01,-1.654e-01,5.715e-01,-2.759e-01,-3.915e-01,-2.759e-01,4.085e-01,-1.547e+00,-4.878e-01,4.085e-01,1.478e-01,4.184e-02,-4.878e-01,-1.547e+00,1.920e+00,-4.878e-01,-1.347e-01,1.177e+00,1.631e+00,8.069e-01,4.085e-01,-2.500e-01,2.993e+00,9.952e-01,1.631e+00,-1.119e-01,-6.055e-01,-1.547e+00
-3.365e-01,-2.090e-01,1.478e-01,-7.844e-01,1.255e-01,-1.026e-01,-4.878e-01,-7.181e-01,-3.009e-01,1.007e-01,-1.017e+00,-8.952e-01,-9.803e-01,-8.207e-01,-8.310e-01,2.688e-01,-8.039e-02,-6.170e-01,-3.915e-01,-2.090e-01,8.258e-02,4.184e-02,4.184e-02,-7.994e-01,4.184e-02,-2.090e-01,-6.704e-01,-9.418e-01,-2.090e-01,-6.391e-01,9.309e-02,-5.693e-01,1.920e+00,-1.547e+00,-6.602e-01,-6.409e-02,-9.436e-02,2.688e-01,1.157e+00,-1.347e-01,-2.759e-01,1.920e+00,1.888e+00,2.232e+00,-3.915e-01,-3.365e-01,-1.547e+00
-2.759e-01,-4.653e-01,1.109e-01,-4.321e-01,4.184e-02,-2.759e-01,-2.759e-01,-2.090e-01,-2.759e-01,-5.693e-01,-5.693e-01,-4.878e-01,-7.994e-01,1.478e-01,-6.997e-01,1.047e+00,6.445e-01,2.337e+00,1.278e+00,2.565e+00,-3.365e-01,4.184e-02,1.101e+00,2.690e+00,-5.163e-02,1.818e+00,-1.547e+00,-4.878e-01,2.565e+00,3.361e-01,4.184e-02,5.715e-01,-4.878e-01,-6.602e-01,-1.547e+00,-1.347e-01,1.047e+00,1.920e+00,-4.878e-01,-2.090e-01,-4.417e-01,-1.347e-01,2.062e-01,-7.767e-01,-6.882e-01,-3.915e-01,-5.693e-01
2.688e-01,4.085e-01,4.085e-01,-5.436e-01,8.741e-01,9.952e-01,-6.055e-01,4.085e-01,4.184e-02,2.688e-01,-1.407e+00,-3.915e-01,-8.165e-01,-1.347e-01,-3.915e-01,-9.436e-02,-2.759e-01,-6.391e-01,-2.090e-01,-5.163e-02,1.101e+00,-1.347e-01,-5.163e-02,-8.409e-01,-5.163e-02,4.085e-01,-1.547e+00,-1.420e+00,9.952e-01,-3.646e-01,8.363e-01,-2.090e-01,-1.347e-01,-6.409e-02,-1.347e-01,-1.547e+00,4.085e-01,1.129e+00,7.641e-01,8.741e-01,1.129e+00,6.961e-01,7.833e-01,4.867e-01,4.184e-02,4.184e-02,-1.204e+00
7.641e-01,1.278e+00,2.370e-01,1.478e-01,9.952e-01,9.952e-01,8.741e-01,-1.852e-01,-2.575e-01,7.877e-01,-6.997e-01,-1.258e+00,-6.094e-01,-1.347e-01,-6.997e-01,7.833e-01,4.085e-01,8.870e-01,4.958e-01,9.952e-01,4.184e-02,2.688e-01,7.641e-01,9.060e-01,7.641e-01,1.278e+00,-1.547e+00,-5.693e-01,1.278e+00,2.688e-01,5.715e-01,8.363e-01,1.177e+00,-9.436e-02,1.047e+00,4.085e-01,-1.547e+00,2.209e+00,2.688e-01,1.278e+00,5.715e-01,9.952e-01,4.867e-01,1.278e+00,9.952e-01,-4.878e-01,-1.213e+00
4.085e-01,7.641e-01,3.131e-01,-1.347e-01,2.085e+00,1.631e+00,3.596e-01,-1.347e-01,5.715e-01,9.952e-01,-6.391e-01,-9.418e-01,-7.155e-01,-4.878e-01,-5.693e-01,1.278e+00,6.115e-01,2.143e+00,1.631e+00,2.836e+00,5.715e-01,4.184e-02,1.113e+00,1.553e+00,9.952e-01,2.836e+00,-1.547e+00,-3.554e-01,2.836e+00,4.085e-01,1.177e+00,1.707e-01,1.631e+00,2.688e-01,1.920e+00,1.129e+00,2.209e+00,-1.547e+00,1.444e+00,2.266e+00,1.920e+00,1.631e+00,1.177e+00,1.177e+00,1.386e+00,-2.172e-02,-1.244e+00
4.184e-02,8.741e-01,9.309e-02,-4.878e-01,1.129e+00,1.843e+00,-5.302e-01,-2.759e-01,-2.172e-02,3.596e-01,-1.547e+00,-1.058e+00,-8.409e-01,-1.017e+00,-8.207e-01,-6.311e-03,-3.365e-01,-9.115e-01,-2.759e-01,4.184e-02,4.867e-01,-1.347e-01,1.478e-01,-1.039e+00,1.478e-01,2.688e-01,-1.547e+00,-6.170e-01,2.688e-01,-7.526e-01,6.961e-01,-3.915e-01,8.069e-01,1.157e+00,-4.878e-01,7.641e-01,2.688e-01,1.444e+00,-1.547e+00,1.177e+00,1.444e+00,1.409e+00,1.101e+00,1.631e+00,2.688e-01,-1.852e-01,-1.547e+00
9.952e-01,1.631e+00,4.085e-01,-2.090e-01,1.177e+00,2.266e+00,-2.759e-01,3.361e-01,3.596e-01,9.952e-01,-9.418e-01,-8.781e-01,-3.365e-01,-4.417e-01,-4.878e-01,2.688e-01,1.478e-01,5.715e-01,-2.172e-02,7.641e-01,3.596e-01,5.715e-01,9.952e-01,-7.526e-01,9.952e-01,1.631e+00,-1.547e+00,-1.293e+00,1.631e+00,4.085e-01,4.809e+00,1.478e-01,4.085e-01,-1.347e-01,-2.090e-01,8.741e-01,1.278e+00,2.266e+00,1.177e+00,-1.547e+00,4.809e+00,1.278e+00,1.278e+00,3.220e+00,1.278e+00,-4.417e-01,-1.184e+00
-4.878e-01,1.513e+00,1.478e-01,-6.804e-01,9.952e-01,1.920e+00,-3.365e-01,2.688e-01,2.688e-01,7.641e-01,-9.418e-01,-8.781e-01,-7.336e-01,-7.526e-01,-4.878e-01,1.478e-01,-7.526e-01,5.715e-01,-8.039e-02,5.715e-01,2.688e-01,5.715e-01,7.641e-01,-7.994e-01,7.641e-01,9.952e-01,7.641e-01,-1.298e+00,7.641e-01,4.085e-01,4.809e+00,1.478e-01,-2.500e-01,-2.759e-01,-4.417e-01,1.129e+00,5.715e-01,1.920e+00,1.444e+00,4.809e+00,-1.547e+00,-8.039e-02,1.129e+00,1.386e+00,1.386e+00,-2.172e-02,-1.184e+00
7.641e-01,1.278e+00,9.332e-01,-7.181e-01,6.636e-01,9.952e-01,-2.759e-01,-3.170e-01,7.564e-02,2.688e-01,-1.547e+00,-3.915e-01,-9.418e-01,-5.693e-01,-5.693e-01,2.688e-01,8.363e-01,-5.164e-01,-1.852e-01,7.641e-01,4.600e-01,1.177e+00,-1.654e-01,-7.357e-01,-2.759e-01,1.278e+00,-1.547e+00,-1.213e+00,1.278e+00,-6.997e-01,5.715e-01,-4.878e-01,2.993e+00,1.920e+00,-1.347e-01,6.961e-01,9.952e-01,1.631e+00,1.409e+00,1.278e+00,-8.039e-02,-1.547e+00,1.818e+00,2.690e+00,-1.347e-01,-8.039e-02,-1.547e+00
-1.347e-01,6.961e-01,6.961e-01,-3.646e-01,7.641e-01,1.444e+00,-6.391e-01,-9.436e-02,-1.852e-01,1.083e+00,-9.944e-01,-8.409e-01,-7.800e-01,-8.600e-01,-4.729e-01,2.688e-01,-3.915e-01,-3.170e-01,-6.311e-03,4.184e-02,1.177e+00,-3.365e-01,8.258e-02,-2.090e-01,-1.347e-01,6.445e-01,-1.547e+00,-6.704e-01,4.184e-02,-2.759e-01,8.741e-01,-3.915e-01,9.952e-01,1.888e+00,2.062e-01,7.833e-01,4.867e-01,1.177e+00,1.101e+00,1.278e+00,1.129e+00,1.818e+00,-1.547e+00,2.690e+00,-5.163e-02,-3.554e-01,-1.229e+00
9.952e-01,1.631e+00,1.070e+00,-5.693e-01,8.069e-01,2.690e+00,-6.391e-01,-2.321e-01,-1.852e-01,5.222e-01,-1.547e+00,-9.944e-01,-7.994e-01,-9.693e-01,-6.997e-01,2.184e-01,1.478e-01,-1.123e+00,-6.311e-03,-2.090e-01,7.228e-01,4.085e-01,8.258e-02,-1.039e+00,-1.347e-01,1.631e+00,-1.547e+00,-1.547e+00,1.631e+00,-9.418e-01,1.177e+00,4.184e-02,1.631e+00,2.232e+00,-7.767e-01,4.867e-01,1.278e+00,1.177e+00,1.631e+00,3.220e+00,1.386e+00,2.690e+00,2.690e+00,-1.547e+00,4.184e-02,-3.170e-01,-1.547e+00
5.715e-01,4.184e-02,-2.172e-02,-5.693e-01,5.715e-01,4.184e-02,-2.090e-01,-3.479e-01,-2.090e-01,1.278e+00,-1.229e+00,-1.547e+00,-6.882e-01,-9.779e-01,-6.704e-01,4.085e-01,-5.693e-01,-6.764e-01,-3.009e-01,9.952e-01,1.478e-01,-4.255e-01,1.278e+00,-7.813e-01,1.278e+00,1.631e+00,-1.547e+00,-1.032e+00,1.278e+00,-1.039e+00,1.386e+00,-3.915e-01,-1.119e-01,-3.915e-01,-6.882e-01,4.184e-02,9.952e-01,1.386e+00,2.688e-01,1.278e+00,1.386e+00,-1.347e-01,-5.163e-02,4.184e-02,-1.547e+00,-3.915e-01,-1.332e+00
-1.347e-01,-6.704e-01,-3.070e-01,-7.526e-01,-1.347e-01,-1.347e-01,-7.767e-01,2.688e-01,-6.902e-02,9.309e-02,-1.547e+00,7.228e-01,-1.039e+00,-4.255e-01,-6.602e-01,-1.347e-01,-3.365e-01,-8.409e-01,1.255e-01,3.131e-01,6.636e-01,-7.526e-01,-1.347e-01,-1.123e+00,-4.417e-01,-3.915e-01,-4.417e-01,-1.547e+00,-8.039e-02,-1.347e-01,-1.347e-01,-2.759e-01,-6.055e-01,-3.365e-01,-3.915e-01,4.184e-02,-4.878e-01,-2.172e-02,-1.852e-01,-4.417e-01,-2.172e-02,-8.039e-02,-3.554e-01,-3.170e-01,-3.915e-01,-1.547e+00,-1.058e+00
-6.391e-01,-1.229e+00,-9.559e-01,-1.204e+00,-1.237e+00,-1.173e+00,-1.547e+00,-1.547e+00,-8.896e-01,-1.258e+00,-1.547e+00,-1.547e+00,-1.468e+00,-1.128e+00,-1.547e+00,-1.204e+00,-1.058e+00,-1.162e+00,-1.017e+00,-1.251e+00,-7.994e-01,-1.375e+00,-8.600e-01,-1.229e+00,-1.150e+00,-1.251e+00,-1.547e+00,-1.271e+00,-2.759e-01,-1.101e+00,-1.184e+00,-1.173e+00,-1.547e+00,-1.547e+00,-5.693e-01,-1.204e+00,-1.213e+00,-1.244e+00,-1.547e+00,-1.184e+00,-1.184e+00,-1.547e+00,-1.229e+00,-1.547e+00,-1.332e+00,-1.058e+00,-1.547e+00
