-2.997e+00,6.346e-01,-1.977e-01,-2.984e-01,7.890e-01,2.654e-01,-3.923e-01,1.039e-02,2.923e-01,8.422e-02,-4.259e-01,-3.051e-01,6.816e-01,7.353e-01,-6.272e-01,2.520e-01,-1.037e-01,-8.018e-01,1.044e-01,-3.118e-01,-7.016e-02,2.587e-01,2.185e-01,-3.051e-01,1.513e-01,1.983e-01,-2.178e-01,-1.580e+00,-1.646e-02,2.050e-01,8.360e-01,-8.358e-02,-3.036e-03,-4.460e-01,-2.849e-01,1.178e-01,8.695e-01,3.124e-01,-2.245e-01,2.520e-01,5.066e-02,-6.344e-02,1.849e-01,7.079e-02,8.422e-02,-1.641e-01,-1.057e+00
6.346e-01,-2.997e+00,7.890e-01,2.319e-01,6.010e-01,5.541e-01,-4.594e-01,1.245e-01,3.715e+00,-5.002e-02,-7.413e-01,-1.204e+00,-2.988e-02,-3.789e-01,9.764e-02,6.010e-01,8.427e-01,-5.735e-01,1.111e-01,-5.735e-01,4.467e-01,9.031e-01,2.654e-01,-1.440e-01,1.513e-01,7.487e-01,-2.997e+00,-1.225e+00,1.513e-01,-2.715e-01,1.460e+00,7.420e-01,-1.574e-01,-9.700e-02,-2.648e-01,7.219e-01,1.849e-01,1.165e+00,5.004e-01,1.205e+00,1.467e+00,5.473e-01,8.225e-01,9.031e-01,3.676e-03,-1.037e-01,-1.077e+00
-1.977e-01,7.890e-01,-2.997e+00,1.039e-02,1.245e+00,2.050e-01,-1.171e-01,-1.646e-02,1.715e-01,6.413e-01,-1.077e+00,-1.231e+00,5.066e-02,-2.782e-01,-1.171e-01,3.527e-01,-1.574e-01,7.286e-01,4.735e-01,2.587e-01,-8.358e-02,1.849e-01,1.071e+00,3.052e-02,9.093e-02,2.252e-01,-2.997e+00,-4.729e-01,2.587e-01,1.916e-01,3.460e-01,9.165e-01,1.446e-01,8.561e-01,4.400e-01,2.319e-01,4.131e-01,2.856e-01,4.869e-01,7.219e-01,6.682e-01,1.245e+00,1.071e+00,1.091e+00,2.252e-01,8.422e-02,-7.883e-01
-2.984e-01,2.319e-01,1.039e-02,-2.997e+00,2.252e-01,1.513e-01,-3.655e-01,-4.331e-02,-1.373e-01,4.395e-02,-9.159e-01,-1.406e+00,4.131e-01,-7.816e-01,-1.104e-01,-2.581e-01,-6.407e-01,-4.729e-01,-5.803e-01,-5.199e-01,1.849e-01,-2.514e-01,-2.916e-01,-5.064e-01,-2.044e-01,-1.708e-01,-6.474e-01,-1.486e+00,-4.527e-01,-1.910e-01,4.735e-01,2.138e+00,-3.453e-01,-3.856e-01,-1.104e-01,-2.178e-01,4.131e-01,-2.380e-01,-4.326e-01,-3.036e-03,-2.988e-02,-5.870e-01,7.751e-02,-2.916e-01,7.079e-02,-8.689e-01,-9.561e-01
7.890e-01,6.010e-01,1.245e+00,2.252e-01,-2.997e+00,2.453e-01,1.279e+00,2.789e-01,9.903e-01,8.024e-01,-7.682e-01,-3.722e-01,2.923e-01,3.930e-01,-5.002e-02,1.104e+00,7.621e-01,-7.687e-02,5.339e-01,7.621e-01,6.010e-01,1.446e-01,8.494e-01,5.138e-01,2.722e-01,4.265e-01,-2.997e+00,-3.386e-01,7.487e-01,5.809e-01,6.145e-01,5.473e-01,2.520e-01,6.346e-01,4.198e-01,9.098e-01,6.212e-01,8.561e-01,1.004e+00,6.883e-01,5.473e-01,1.272e+00,8.158e-01,6.950e-01,3.728e-01,6.346e-01,-4.863e-01
2.654e-01,5.541e-01,2.050e-01,1.513e-01,2.453e-01,-2.997e+00,4.802e-01,4.735e-01,5.541e-01,9.764e-02,-9.628e-01,-1.440e-01,2.990e-01,8.896e-01,-3.789e-01,4.467e-01,5.737e-02,-4.997e-01,3.326e-01,1.710e-02,4.735e-01,-7.687e-02,-1.037e-01,-1.843e-01,5.737e-02,-4.259e-01,-2.997e+00,-9.293e-01,-2.916e-01,1.312e-01,1.849e-01,2.587e-01,4.534e-01,3.863e-01,-9.748e-03,1.568e+00,-1.037e-01,2.185e-01,6.010e-01,9.764e-02,4.131e-01,8.422e-02,5.473e-01,8.091e-01,2.789e-01,5.272e-01,-5.400e-01
-3.923e-01,-4.594e-01,-1.171e-01,-3.655e-01,1.279e+00,4.802e-01,-2.997e+00,-5.467e-01,-3.990e-01,-1.104e-01,-7.212e-01,-1.117e+00,-1.030e+00,2.319e-01,-6.071e-01,-1.306e-01,-3.856e-01,5.406e-01,-4.527e-01,4.395e-02,-7.346e-01,-4.527e-01,-5.673e-02,-2.648e-01,-1.775e-01,-2.849e-01,-2.997e+00,-8.957e-01,7.890e-01,1.044e+00,4.265e-01,-1.104e-01,-6.205e-01,-2.245e-01,3.326e-01,-3.252e-01,7.017e-01,7.751e-02,-4.997e-01,-4.527e-01,-5.534e-01,6.346e-01,5.737e-02,-1.646e-02,1.039e-02,-3.722e-01,-1.486e+00
1.039e-02,1.245e-01,-1.646e-02,-4.331e-02,2.789e-01,4.735e-01,-5.467e-01,-2.997e+00,-3.660e-02,1.916e-01,-1.386e+00,-2.380e-01,-6.272e-01,2.381e-02,-2.447e-01,-3.660e-02,-1.708e-01,-7.145e-01,-2.715e-01,-6.541e-01,4.869e-01,-4.527e-01,-1.646e-02,-2.447e-01,-2.984e-01,-4.259e-01,-1.910e-01,-1.204e+00,9.093e-02,-5.064e-01,-4.662e-01,-5.002e-02,-6.340e-01,-2.312e-01,3.594e-01,5.339e-01,8.292e-01,2.587e-01,-3.036e-03,-2.988e-02,2.856e-01,-3.789e-01,5.066e-02,-2.648e-01,-1.239e-01,2.319e-01,-1.077e+00
2.923e-01,3.715e+00,1.715e-01,-1.373e-01,9.903e-01,5.541e-01,-3.990e-01,-3.660e-02,-2.997e+00,4.400e-01,-8.358e-02,-2.178e-01,1.219e+00,2.990e-01,3.052e-02,6.010e-01,8.427e-01,-1.910e-01,7.621e-01,1.037e+00,-2.312e-01,9.031e-01,1.084e+00,2.856e-01,5.742e-01,1.178e-01,-2.997e+00,-7.011e-01,9.764e-02,3.728e-01,4.198e-01,6.408e-02,1.513e-01,8.422e-02,-1.910e-01,4.668e-01,2.654e-01,6.077e-01,1.245e-01,1.916e-01,1.916e-01,4.534e-01,2.520e-01,9.764e-02,6.816e-01,2.117e-01,-4.930e-01
8.422e-02,-5.002e-02,6.413e-01,4.395e-02,8.024e-01,9.764e-02,-1.104e-01,1.916e-01,4.400e-01,-2.997e+00,-7.011e-01,-6.675e-01,-2.916e-01,-2.715e-01,-1.708e-01,3.863e-01,1.782e-01,-6.944e-01,4.265e-01,-7.687e-02,3.930e-01,2.050e-01,8.158e-01,-1.910e-01,5.608e-01,-1.239e-01,-2.997e+00,-8.219e-01,2.252e-01,-3.252e-01,6.077e-01,4.400e-01,3.661e-01,2.654e-01,-3.660e-02,6.547e-01,8.695e-01,8.292e-01,6.010e-01,8.561e-01,4.400e-01,4.668e-01,8.762e-01,7.487e-01,9.568e-01,2.319e-01,-5.735e-01
-4.259e-01,-7.413e-01,-1.077e+00,-9.159e-01,-7.682e-01,-9.628e-01,-7.212e-01,-1.386e+00,-8.358e-02,-7.011e-01,-2.997e+00,-1.788e+00,-1.473e+00,-1.010e+00,-1.426e+00,-1.493e+00,-9.628e-01,-1.050e+00,-9.494e-01,-1.278e+00,-1.520e+00,-1.345e+00,-1.258e+00,-1.238e+00,-1.157e+00,-1.010e+00,-2.997e+00,-1.943e+00,-1.117e+00,-4.460e-01,-7.682e-01,-9.561e-01,-6.541e-01,-1.178e+00,-6.944e-01,-1.258e+00,-3.453e-01,-1.043e+00,-9.830e-01,-9.226e-01,-9.964e-01,-1.594e+00,-9.024e-01,-1.480e+00,-1.460e+00,-1.654e+00,-1.929e+00
-3.051e-01,-1.204e+00,-1.231e+00,-1.406e+00,-3.722e-01,-1.440e-01,-1.117e+00,-2.380e-01,-2.178e-01,-6.675e-01,-1.788e+00,-2.997e+00,-7.413e-01,-2.984e-01,-1.070e+00,-3.655e-01,-6.541e-01,-1.500e+00,-1.037e+00,-3.655e-01,8.762e-01,-8.420e-01,-9.897e-01,-1.466e+00,-1.278e+00,-1.124e+00,-2.997e+00,-1.782e+00,-4.662e-01,-6.340e-01,-6.809e-01,-6.205e-01,-5.400e-01,-9.763e-01,5.737e-02,1.715e-01,-1.178e+00,-9.830e-01,-1.057e+00,-1.285e+00,-1.285e+00,-4.729e-01,-1.003e+00,-8.487e-01,-1.204e+00,6.145e-01,-1.553e+00
6.816e-01,-2.988e-02,5.066e-02,4.131e-01,2.923e-01,2.990e-01,-1.030e+00,-6.272e-01,1.219e+00,-2.916e-01,-1.473e+00,-7.413e-01,-2.997e+00,-1.037e-01,9.970e-01,-3.588e-01,-2.447e-01,-6.742e-01,-8.823e-01,-8.152e-01,-7.682e-01,9.970e-01,-5.199e-01,-1.164e+00,1.205e+00,-5.199e-01,-9.628e-01,-1.547e+00,1.111e-01,-9.964e-01,3.594e-01,4.332e-01,-3.923e-01,-6.675e-01,-3.856e-01,-2.984e-01,-2.245e-01,-2.715e-01,-4.930e-01,-1.843e-01,-1.910e-01,-4.192e-01,-2.984e-01,-2.581e-01,-3.521e-01,-9.700e-02,-1.520e+00
7.353e-01,-3.789e-01,-2.782e-01,-7.816e-01,3.930e-01,8.896e-01,2.319e-01,2.381e-02,2.990e-01,-2.715e-01,-1.010e+00,-2.984e-01,-1.037e-01,-2.997e+00,-5.534e-01,3.258e-01,-2.916e-01,-5.400e-01,-3.036e-03,-1.977e-01,5.066e-02,-9.748e-03,-3.051e-01,1.580e-01,-1.306e-01,-4.594e-01,-2.997e+00,-9.360e-01,2.050e-01,2.856e-01,-5.333e-01,1.648e-01,-6.742e-01,-7.078e-01,5.066e-02,1.111e-01,-1.646e-02,-5.002e-02,-7.011e-01,2.381e-02,-5.131e-01,-1.641e-01,-7.615e-01,-6.541e-01,-5.534e-01,1.379e-01,-1.124e+00
-6.272e-01,9.764e-02,-1.171e-01,-1.104e-01,-5.002e-02,-3.789e-01,-6.071e-01,-2.447e-01,3.052e-02,-1.708e-01,-1.426e+00,-1.070e+00,9.970e-01,-5.534e-01,-2.997e+00,-2.984e-01,-3.923e-01,-1.043e+00,-4.930e-01,-5.333e-01,-7.346e-01,-2.715e-01,-2.111e-01,-6.608e-01,7.957e-01,-5.333e-01,-5.199e-01,-1.580e+00,-6.205e-01,-6.004e-01,5.071e-01,-2.648e-01,-5.266e-01,-3.655e-01,6.408e-02,-4.058e-01,-5.673e-02,-4.393e-01,-5.803e-01,-3.185e-01,5.066e-02,-6.474e-01,-4.460e-01,-6.004e-01,-1.171e-01,-6.272e-01,-1.030e+00
2.520e-01,6.010e-01,3.527e-01,-2.581e-01,1.104e+00,4.467e-01,-1.306e-01,-3.660e-02,6.010e-01,3.863e-01,-1.493e+00,-3.655e-01,-3.588e-01,3.258e-01,-2.984e-01,-2.997e+00,1.165e+00,1.024e+00,1.185e+00,1.903e+00,2.520e-01,3.124e-01,9.702e-01,1.306e+00,-2.380e-01,6.346e-01,8.896e-01,-4.997e-01,9.366e-01,1.039e-02,6.614e-01,4.668e-01,8.427e-01,4.668e-01,9.366e-01,1.446e-01,8.762e-01,2.098e+00,3.527e-01,1.648e-01,1.849e-01,6.212e-01,3.258e-01,4.265e-01,4.131e-01,5.066e-02,-8.152e-01
-1.037e-01,8.427e-01,-1.574e-01,-6.407e-01,7.621e-01,5.737e-02,-3.856e-01,-1.708e-01,8.427e-01,1.782e-01,-9.628e-01,-6.541e-01,-2.447e-01,-2.916e-01,-3.923e-01,1.165e+00,-2.997e+00,6.883e-01,5.541e-01,6.413e-01,-1.440e-01,1.675e+00,6.682e-01,6.950e-01,-7.016e-02,1.648e-01,-2.997e+00,-6.809e-01,3.715e+00,8.422e-02,-8.358e-02,-3.036e-03,3.191e-01,1.580e-01,4.265e-01,1.111e-01,2.789e-01,4.265e-01,1.044e-01,-8.358e-02,-5.870e-01,2.587e-01,4.601e-01,1.312e-01,3.191e-01,-1.641e-01,-8.823e-01
-8.018e-01,-5.735e-01,7.286e-01,-4.729e-01,-7.687e-02,-4.997e-01,5.406e-01,-7.145e-01,-1.910e-01,-6.944e-01,-1.050e+00,-1.500e+00,-6.742e-01,-5.400e-01,-1.043e+00,1.024e+00,6.883e-01,-2.997e+00,1.239e+00,1.863e+00,2.117e-01,-1.373e-01,1.299e+00,1.568e+00,5.066e-02,1.319e+00,-2.997e+00,1.178e-01,1.997e+00,1.145e+00,-1.104e-01,1.306e+00,-5.467e-01,-1.507e-01,1.977e+00,3.724e-02,6.279e-01,1.561e+00,-2.178e-01,-5.601e-01,-9.494e-01,8.422e-02,-1.708e-01,-5.870e-01,-4.125e-01,2.453e-01,-1.043e+00
1.044e-01,1.111e-01,4.735e-01,-5.803e-01,5.339e-01,3.326e-01,-4.527e-01,-2.715e-01,7.621e-01,4.265e-01,-9.494e-01,-1.037e+00,-8.823e-01,-3.036e-03,-4.930e-01,1.185e+00,5.541e-01,1.239e+00,-2.997e+00,1.299e+00,-2.317e-02,-6.344e-02,1.500e+00,1.326e+00,-1.646e-02,6.145e-01,-2.997e+00,4.395e-02,1.326e+00,1.239e+00,-2.312e-01,3.594e-01,-3.722e-01,1.983e-01,9.769e-01,-4.331e-02,5.205e-01,1.118e+00,4.802e-01,-1.910e-01,1.513e-01,5.809e-01,2.185e-01,2.050e-01,-1.306e-01,5.473e-01,-4.192e-01
-3.118e-01,-5.735e-01,2.587e-01,-5.199e-01,7.621e-01,1.710e-02,4.395e-02,-6.541e-01,1.037e+00,-7.687e-02,-1.278e+00,-3.655e-01,-8.152e-01,-1.977e-01,-5.333e-01,1.903e+00,6.413e-01,1.863e+00,1.299e+00,-2.997e+00,-7.016e-02,-4.729e-01,9.366e-01,1.447e+00,1.648e-01,1.447e+00,1.802e+00,1.648e-01,3.004e+00,9.232e-01,7.079e-02,5.943e-01,8.024e-01,3.863e-01,1.890e+00,-9.700e-02,7.151e-01,1.937e+00,-1.646e-02,5.737e-02,4.936e-01,5.004e-01,8.225e-01,-4.192e-01,5.406e-01,4.802e-01,-1.157e+00
-7.016e-02,4.467e-01,-8.358e-02,1.849e-01,6.010e-01,4.735e-01,-7.346e-01,4.869e-01,-2.312e-01,3.930e-01,-1.520e+00,8.762e-01,-7.682e-01,5.066e-02,-7.346e-01,2.520e-01,-1.440e-01,2.117e-01,-2.317e-02,-7.016e-02,-2.997e+00,-1.037e-01,-2.178e-01,-5.870e-01,-1.708e-01,-1.440e-01,-2.997e+00,2.185e-01,2.381e-02,-3.386e-01,4.198e-01,2.185e-01,-1.037e-01,2.381e-02,3.728e-01,7.554e-01,-1.306e-01,4.869e-01,8.427e-01,2.453e-01,3.460e-01,2.654e-01,7.688e-01,5.272e-01,-1.641e-01,1.131e+00,-9.964e-01
2.587e-01,9.031e-01,1.849e-01,-2.514e-01,1.446e-01,-7.687e-02,-4.527e-01,-4.527e-01,9.031e-01,2.050e-01,-1.345e+00,-8.420e-01,9.970e-01,-9.748e-03,-2.715e-01,3.124e-01,1.675e+00,-1.373e-01,-6.344e-02,-4.729e-01,-1.037e-01,-2.997e+00,-9.748e-03,-3.185e-01,2.117e-01,1.178e-01,-2.997e+00,-1.191e+00,1.710e-02,2.856e-01,1.165e+00,-1.373e-01,-8.358e-02,-9.748e-03,-4.863e-01,-7.687e-02,6.408e-02,3.795e-01,-3.521e-01,8.695e-01,8.695e-01,3.460e-01,-1.641e-01,-1.977e-01,7.079e-02,-2.111e-01,-1.258e+00
2.185e-01,2.654e-01,1.071e+00,-2.916e-01,8.494e-01,-1.037e-01,-5.673e-02,-1.646e-02,1.084e+00,8.158e-01,-1.258e+00,-9.897e-01,-5.199e-01,-3.051e-01,-2.111e-01,9.702e-01,6.682e-01,1.299e+00,1.500e+00,9.366e-01,-2.178e-01,-9.748e-03,-2.997e+00,1.568e+00,9.568e-01,7.420e-01,-2.997e+00,-4.997e-01,9.501e-01,2.453e-01,2.520e-01,6.145e-01,3.795e-01,2.252e-01,7.890e-01,-2.514e-01,6.749e-01,7.286e-01,-4.331e-02,2.923e-01,4.395e-02,2.587e-01,4.400e-01,1.111e-01,8.829e-01,-2.044e-01,-6.944e-01
-3.051e-01,-1.440e-01,3.052e-02,-5.064e-01,5.138e-01,-1.843e-01,-2.648e-01,-2.447e-01,2.856e-01,-1.910e-01,-1.238e+00,-1.466e+00,-1.164e+00,1.580e-01,-6.608e-01,1.306e+00,6.950e-01,1.568e+00,1.326e+00,1.447e+00,-5.870e-01,-3.185e-01,1.568e+00,-2.997e+00,-5.673e-02,7.554e-01,-2.997e+00,-9.029e-02,1.561e+00,1.172e+00,-4.527e-01,6.279e-01,-2.178e-01,-2.581e-01,1.104e+00,-7.682e-01,9.568e-01,1.084e+00,-3.923e-01,-6.809e-01,-6.809e-01,1.782e-01,-2.312e-01,-5.735e-01,-5.937e-01,-7.481e-01,-8.353e-01
1.513e-01,1.513e-01,9.093e-02,-2.044e-01,2.722e-01,5.737e-02,-1.775e-01,-2.984e-01,5.742e-01,5.608e-01,-1.157e+00,-1.278e+00,1.205e+00,-1.306e-01,7.957e-01,-2.380e-01,-7.016e-02,5.066e-02,-1.646e-02,1.648e-01,-1.708e-01,2.117e-01,9.568e-01,-5.673e-02,-2.997e+00,9.165e-01,2.587e-01,-1.084e+00,1.513e-01,-1.507e-01,5.272e-01,2.923e-01,-1.708e-01,-3.660e-02,6.408e-02,1.178e-01,7.151e-01,9.635e-01,-1.171e-01,-5.673e-02,-1.306e-01,4.332e-01,3.326e-01,2.319e-01,2.453e-01,-2.245e-01,-1.137e+00
1.983e-01,7.487e-01,2.252e-01,-1.708e-01,4.265e-01,-4.259e-01,-2.849e-01,-4.259e-01,1.178e-01,-1.239e-01,-1.010e+00,-1.124e+00,-5.199e-01,-4.594e-01,-5.333e-01,6.346e-01,1.648e-01,1.319e+00,6.145e-01,1.447e+00,-1.440e-01,1.178e-01,7.420e-01,7.554e-01,9.165e-01,-2.997e+00,1.393e+00,-4.594e-01,1.521e+00,6.749e-01,9.299e-01,3.795e-01,5.737e-02,2.319e-01,1.299e+00,2.386e-01,1.158e+00,2.279e+00,1.111e-01,1.004e+00,4.601e-01,1.219e+00,7.353e-01,4.332e-01,9.299e-01,-1.641e-01,-1.265e+00
-2.178e-01,-2.997e+00,-2.997e+00,-6.474e-01,-2.997e+00,-2.997e+00,-2.997e+00,-1.910e-01,-2.997e+00,-2.997e+00,-2.997e+00,-2.997e+00,-9.628e-01,-2.997e+00,-5.199e-01,8.896e-01,-2.997e+00,-2.997e+00,-2.997e+00,1.802e+00,-2.997e+00,-2.997e+00,-2.997e+00,-2.997e+00,2.587e-01,1.393e+00,-2.997e+00,-2.997e+00,-2.997e+00,-2.997e+00,8.561e-01,4.802e-01,-2.997e+00,9.093e-02,-2.997e+00,-2.997e+00,-2.997e+00,-2.997e+00,-2.997e+00,-2.997e+00,1.513e-01,-2.997e+00,-2.997e+00,-2.997e+00,-2.997e+00,-5.467e-01,-2.997e+00
-1.580e+00,-1.225e+00,-4.729e-01,-1.486e+00,-3.386e-01,-9.293e-01,-8.957e-01,-1.204e+00,-7.011e-01,-8.219e-01,-1.943e+00,-1.782e+00,-1.547e+00,-9.360e-01,-1.580e+00,-4.997e-01,-6.809e-01,1.178e-01,4.395e-02,1.648e-01,2.185e-01,-1.191e+00,-4.997e-01,-9.029e-02,-1.084e+00,-4.594e-01,-2.997e+00,-2.997e+00,8.422e-02,5.675e-01,-7.883e-01,-2.782e-01,-6.004e-01,-7.481e-01,5.737e-02,-1.366e+00,-6.809e-01,-9.748e-03,-5.735e-01,-1.406e+00,-7.615e-01,-5.803e-01,-6.944e-01,-1.111e+00,-9.360e-01,-8.085e-01,-1.319e+00
-1.646e-02,1.513e-01,2.587e-01,-4.527e-01,7.487e-01,-2.916e-01,7.890e-01,9.093e-02,9.764e-02,2.252e-01,-1.117e+00,-4.662e-01,1.111e-01,2.050e-01,-6.205e-01,9.366e-01,3.715e+00,1.997e+00,1.326e+00,3.004e+00,2.381e-02,1.710e-02,9.501e-01,1.561e+00,1.513e-01,1.521e+00,-2.997e+00,8.422e-02,-2.997e+00,9.031e-01,4.735e-01,6.346e-01,4.064e-01,-1.843e-01,1.876e+00,6.816e-01,7.219e-01,2.158e+00,2.453e-01,4.936e-01,3.930e-01,4.131e-01,7.079e-02,-1.977e-01,6.816e-01,2.319e-01,-2.648e-01
2.050e-01,-2.715e-01,1.916e-01,-1.910e-01,5.809e-01,1.312e-01,1.044e+00,-5.064e-01,3.728e-01,-3.252e-01,-4.460e-01,-6.340e-01,-9.964e-01,2.856e-01,-6.004e-01,1.039e-02,8.422e-02,1.145e+00,1.239e+00,9.232e-01,-3.386e-01,2.856e-01,2.453e-01,1.172e+00,-1.507e-01,6.749e-01,-2.997e+00,5.675e-01,9.031e-01,-2.997e+00,4.332e-01,4.400e-01,2.587e-01,-8.358e-02,6.816e-01,-3.521e-01,3.393e-01,6.480e-01,-3.521e-01,-2.245e-01,-5.534e-01,-6.272e-01,6.408e-02,-4.058e-01,-5.668e-01,-3.660e-02,-4.460e-01
8.360e-01,1.460e+00,3.460e-01,4.735e-01,6.145e-01,1.849e-01,4.265e-01,-4.662e-01,4.198e-01,6.077e-01,-7.682e-01,-6.809e-01,3.594e-01,-5.333e-01,5.071e-01,6.614e-01,-8.358e-02,-1.104e-01,-2.312e-01,7.079e-02,4.198e-01,1.165e+00,2.520e-01,-4.527e-01,5.272e-01,9.299e-01,8.561e-01,-7.883e-01,4.735e-01,4.332e-01,-2.997e+00,4.064e-01,2.381e-02,1.983e-01,-5.131e-01,3.997e-01,6.480e-01,1.031e+00,6.547e-01,3.715e+00,3.715e+00,4.064e-01,6.749e-01,7.688e-01,7.487e-01,1.039e-02,-1.339e+00
-8.358e-02,7.420e-01,9.165e-01,2.138e+00,5.473e-01,2.587e-01,-1.104e-01,-5.002e-02,6.408e-02,4.400e-01,-9.561e-01,-6.205e-01,4.332e-01,1.648e-01,-2.648e-01,4.668e-01,-3.036e-03,1.306e+00,3.594e-01,5.943e-01,2.185e-01,-1.373e-01,6.145e-01,6.279e-01,2.923e-01,3.795e-01,4.802e-01,-2.782e-01,6.346e-01,4.400e-01,4.064e-01,-2.997e+00,-1.104e-01,-1.306e-01,1.292e+00,5.066e-02,5.742e-01,6.950e-01,-7.687e-02,-9.029e-02,-1.104e-01,-1.037e-01,-3.660e-02,2.722e-01,-3.036e-03,-9.748e-03,-1.178e+00
-3.036e-03,-1.574e-01,1.446e-01,-3.453e-01,2.520e-01,4.534e-01,-6.205e-01,-6.340e-01,1.513e-01,3.661e-01,-6.541e-01,-5.400e-01,-3.923e-01,-6.742e-01,-5.266e-01,8.427e-01,3.191e-01,-5.467e-01,-3.722e-01,8.024e-01,-1.037e-01,-8.358e-02,3.795e-01,-2.178e-01,-1.708e-01,5.737e-02,-2.997e+00,-6.004e-01,4.064e-01,2.587e-01,2.381e-02,-1.104e-01,-2.997e+00,1.541e+00,-1.306e-01,1.710e-02,8.091e-01,1.527e+00,5.138e-01,1.983e-01,2.453e-01,1.024e+00,9.635e-01,1.178e+00,5.071e-01,-3.990e-01,-8.487e-01
-4.460e-01,-9.700e-02,8.561e-01,-3.856e-01,6.346e-01,3.863e-01,-2.245e-01,-2.312e-01,8.422e-02,2.654e-01,-1.178e+00,-9.763e-01,-6.675e-01,-7.078e-01,-3.655e-01,4.668e-01,1.580e-01,-1.507e-01,1.983e-01,3.863e-01,2.381e-02,-9.748e-03,2.252e-01,-2.581e-01,-3.660e-02,2.319e-01,9.093e-02,-7.481e-01,-1.843e-01,-8.358e-02,1.983e-01,-1.306e-01,1.541e+00,-2.997e+00,-1.104e-01,1.044e-01,9.433e-01,8.628e-01,1.111e+00,-9.029e-02,-9.029e-02,1.568e+00,1.836e+00,1.554e+00,1.916e-01,-2.715e-01,-1.010e+00
-2.849e-01,-2.648e-01,4.400e-01,-1.104e-01,4.198e-01,-9.748e-03,3.326e-01,3.594e-01,-1.910e-01,-3.660e-02,-6.944e-01,5.737e-02,-3.856e-01,5.066e-02,6.408e-02,9.366e-01,4.265e-01,1.977e+00,9.769e-01,1.890e+00,3.728e-01,-4.863e-01,7.890e-01,1.104e+00,6.408e-02,1.299e+00,-2.997e+00,5.737e-02,1.876e+00,6.816e-01,-5.131e-01,1.292e+00,-1.306e-01,-1.104e-01,-2.997e+00,9.093e-02,8.292e-01,1.272e+00,-3.660e-02,-3.185e-01,-3.521e-01,-6.344e-02,3.052e-02,1.245e-01,-3.722e-01,3.460e-01,-9.024e-01
1.178e-01,7.219e-01,2.319e-01,-2.178e-01,9.098e-01,1.568e+00,-3.252e-01,5.339e-01,4.668e-01,6.547e-01,-1.258e+00,1.715e-01,-2.984e-01,1.111e-01,-4.058e-01,1.446e-01,1.111e-01,3.724e-02,-4.331e-02,-9.700e-02,7.554e-01,-7.687e-02,-2.514e-01,-7.682e-01,1.178e-01,2.386e-01,-2.997e+00,-1.366e+00,6.816e-01,-3.521e-01,3.997e-01,5.066e-02,1.710e-02,1.044e-01,9.093e-02,-2.997e+00,3.863e-01,6.749e-01,1.648e+00,1.071e+00,8.158e-01,9.165e-01,1.259e+00,1.145e+00,3.724e-02,6.279e-01,-5.803e-01
8.695e-01,1.849e-01,4.131e-01,4.131e-01,6.212e-01,-1.037e-01,7.017e-01,8.292e-01,2.654e-01,8.695e-01,-3.453e-01,-1.178e+00,-2.245e-01,-1.646e-02,-5.673e-02,8.762e-01,2.789e-01,6.279e-01,5.205e-01,7.151e-01,-1.306e-01,6.408e-02,6.749e-01,9.568e-01,7.151e-01,1.158e+00,-2.997e+00,-6.809e-01,7.219e-01,3.393e-01,6.480e-01,5.742e-01,8.091e-01,9.433e-01,8.292e-01,3.863e-01,-2.997e+00,1.682e+00,5.205e-01,7.823e-01,4.265e-01,1.064e+00,1.031e+00,8.964e-01,4.802e-01,-1.977e-01,-6.541e-01
3.124e-01,1.165e+00,2.856e-01,-2.380e-01,8.561e-01,2.185e-01,7.751e-02,2.587e-01,6.077e-01,8.292e-01,-1.043e+00,-9.830e-01,-2.715e-01,-5.002e-02,-4.393e-01,2.098e+00,4.265e-01,1.561e+00,1.118e+00,1.937e+00,4.869e-01,3.795e-01,7.286e-01,1.084e+00,9.635e-01,2.279e+00,-2.997e+00,-9.748e-03,2.158e+00,6.480e-01,1.031e+00,6.950e-01,1.527e+00,8.628e-01,1.272e+00,6.749e-01,1.682e+00,-2.997e+00,1.010e+00,1.433e+00,8.360e-01,1.212e+00,1.554e+00,9.299e-01,9.098e-01,2.381e-02,-1.265e+00
-2.245e-01,5.004e-01,4.869e-01,-4.326e-01,1.004e+00,6.010e-01,-4.997e-01,-3.036e-03,1.245e-01,6.010e-01,-9.830e-01,-1.057e+00,-4.930e-01,-7.011e-01,-5.803e-01,3.527e-01,1.044e-01,-2.178e-01,4.802e-01,-1.646e-02,8.427e-01,-3.521e-01,-4.331e-02,-3.923e-01,-1.171e-01,1.111e-01,-2.997e+00,-5.735e-01,2.453e-01,-3.521e-01,6.547e-01,-7.687e-02,5.138e-01,1.111e+00,-3.660e-02,1.648e+00,5.205e-01,1.010e+00,-2.997e+00,1.017e+00,1.158e+00,9.232e-01,1.380e+00,1.131e+00,3.661e-01,1.044e-01,-8.554e-01
2.520e-01,1.205e+00,7.219e-01,-3.036e-03,6.883e-01,9.764e-02,-4.527e-01,-2.988e-02,1.916e-01,8.561e-01,-9.226e-01,-1.285e+00,-1.843e-01,2.381e-02,-3.185e-01,1.648e-01,-8.358e-02,-5.601e-01,-1.910e-01,5.737e-02,2.453e-01,8.695e-01,2.923e-01,-6.809e-01,-5.673e-02,1.004e+00,-2.997e+00,-1.406e+00,4.936e-01,-2.245e-01,3.715e+00,-9.029e-02,1.983e-01,-9.029e-02,-3.185e-01,1.071e+00,7.823e-01,1.433e+00,1.017e+00,-2.997e+00,3.715e+00,-4.331e-02,7.890e-01,7.823e-01,5.071e-01,-2.044e-01,-9.830e-01
5.066e-02,1.467e+00,6.682e-01,-2.988e-02,5.473e-01,4.131e-01,-5.534e-01,2.856e-01,1.916e-01,4.400e-01,-9.964e-01,-1.285e+00,-1.910e-01,-5.131e-01,5.066e-02,1.849e-01,-5.870e-01,-9.494e-01,1.513e-01,4.936e-01,3.460e-01,8.695e-01,4.395e-02,-6.809e-01,-1.306e-01,4.601e-01,1.513e-01,-7.615e-01,3.930e-01,-5.534e-01,3.715e+00,-1.104e-01,2.453e-01,-9.029e-02,-3.521e-01,8.158e-01,4.265e-01,8.360e-01,1.158e+00,3.715e+00,-2.997e+00,3.191e-01,1.487e+00,1.044e+00,9.702e-01,3.676e-03,-9.293e-01
-6.344e-02,5.473e-01,1.245e+00,-5.870e-01,1.272e+00,8.422e-02,6.346e-01,-3.789e-01,4.534e-01,4.668e-01,-1.594e+00,-4.729e-01,-4.192e-01,-1.641e-01,-6.474e-01,6.212e-01,2.587e-01,8.422e-02,5.809e-01,5.004e-01,2.654e-01,3.460e-01,2.587e-01,1.782e-01,4.332e-01,1.219e+00,-2.997e+00,-5.803e-01,4.131e-01,-6.272e-01,4.064e-01,-1.037e-01,1.024e+00,1.568e+00,-6.344e-02,9.165e-01,1.064e+00,1.212e+00,9.232e-01,-4.331e-02,3.191e-01,-2.997e+00,1.735e+00,1.964e+00,3.594e-01,5.004e-01,-1.225e+00
1.849e-01,8.225e-01,1.071e+00,7.751e-02,8.158e-01,5.473e-01,5.737e-02,5.066e-02,2.520e-01,8.762e-01,-9.024e-01,-1.003e+00,-2.984e-01,-7.615e-01,-4.460e-01,3.258e-01,4.601e-01,-1.708e-01,2.185e-01,8.225e-01,7.688e-01,-1.641e-01,4.400e-01,-2.312e-01,3.326e-01,7.353e-01,-2.997e+00,-6.944e-01,7.079e-02,6.408e-02,6.749e-01,-3.660e-02,9.635e-01,1.836e+00,3.052e-02,1.259e+00,1.031e+00,1.554e+00,1.380e+00,7.890e-01,1.487e+00,1.735e+00,-2.997e+00,2.266e+00,3.124e-01,-2.312e-01,-9.696e-01
7.079e-02,9.031e-01,1.091e+00,-2.916e-01,6.950e-01,8.091e-01,-1.646e-02,-2.648e-01,9.764e-02,7.487e-01,-1.480e+00,-8.487e-01,-2.581e-01,-6.541e-01,-6.004e-01,4.265e-01,1.312e-01,-5.870e-01,2.050e-01,-4.192e-01,5.272e-01,-1.977e-01,1.111e-01,-5.735e-01,2.319e-01,4.332e-01,-2.997e+00,-1.111e+00,-1.977e-01,-4.058e-01,7.688e-01,2.722e-01,1.178e+00,1.554e+00,1.245e-01,1.145e+00,8.964e-01,9.299e-01,1.131e+00,7.823e-01,1.044e+00,1.964e+00,2.266e+00,-2.997e+00,1.580e-01,-3.036e-03,-1.446e+00
8.422e-02,3.676e-03,2.252e-01,7.079e-02,3.728e-01,2.789e-01,1.039e-02,-1.239e-01,6.816e-01,9.568e-01,-1.460e+00,-1.204e+00,-3.521e-01,-5.534e-01,-1.171e-01,4.131e-01,3.191e-01,-4.125e-01,-1.306e-01,5.406e-01,-1.641e-01,7.079e-02,8.829e-01,-5.937e-01,2.453e-01,9.299e-01,-2.997e+00,-9.360e-01,6.816e-01,-5.668e-01,7.487e-01,-3.036e-03,5.071e-01,1.916e-01,-3.722e-01,3.724e-02,4.802e-01,9.098e-01,3.661e-01,5.071e-01,9.702e-01,3.594e-01,3.124e-01,1.580e-01,-2.997e+00,-2.715e-01,-6.809e-01
-1.641e-01,-1.037e-01,8.422e-02,-8.689e-01,6.346e-01,5.272e-01,-3.722e-01,2.319e-01,2.117e-01,2.319e-01,-1.654e+00,6.145e-01,-9.700e-02,1.379e-01,-6.272e-01,5.066e-02,-1.641e-01,2.453e-01,5.473e-01,4.802e-01,1.131e+00,-2.111e-01,-2.044e-01,-7.481e-01,-2.245e-01,-1.641e-01,-5.467e-01,-8.085e-01,2.319e-01,-3.660e-02,1.039e-02,-9.748e-03,-3.990e-01,-2.715e-01,3.460e-01,6.279e-01,-1.977e-01,2.381e-02,1.044e-01,-2.044e-01,3.676e-03,5.004e-01,-2.312e-01,-3.036e-03,-2.715e-01,-2.997e+00,-8.152e-01
-1.057e+00,-1.077e+00,-7.883e-01,-9.561e-01,-4.863e-01,-5.400e-01,-1.486e+00,-1.077e+00,-4.930e-01,-5.735e-01,-1.929e+00,-1.553e+00,-1.520e+00,-1.124e+00,-1.030e+00,-8.152e-01,-8.823e-01,-1.043e+00,-4.192e-01,-1.157e+00,-9.964e-01,-1.258e+00,-6.944e-01,-8.353e-01,-1.137e+00,-1.265e+00,-2.997e+00,-1.319e+00,-2.648e-01,-4.460e-01,-1.339e+00,-1.178e+00,-8.487e-01,-1.010e+00,-9.024e-01,-5.803e-01,-6.541e-01,-1.265e+00,-8.554e-01,-9.830e-01,-9.293e-01,-1.225e+00,-9.696e-01,-1.446e+00,-6.809e-01,-8.152e-01,-2.997e+00
