-1.785e+00,3.878e-01,2.588e-01,-3.860e-01,4.251e-01,2.262e-01,-3.599e-01,-1.123e-01,1.010e+00,4.358e-01,-1.132e+00,-4.879e-01,-1.730e-01,4.552e-01,-8.293e-01,8.803e-01,-1.339e-02,-8.839e-01,2.262e-01,1.736e-01,3.350e-02,-2.289e-01,-1.339e-02,-2.285e-01,-3.066e-01,-1.858e-01,-8.965e-01,-1.596e+00,4.766e-01,2.711e-01,5.771e-01,-4.793e-01,-2.004e-01,-5.233e-02,-6.762e-01,2.881e-01,4.358e-01,2.570e-01,1.736e-01,3.088e-01,6.436e-03,2.585e-01,4.090e-01,3.256e-01,-2.876e-01,2.824e-01,-1.132e+00
3.878e-01,-1.785e+00,7.936e-01,4.056e-02,4.524e-01,7.850e-01,-4.941e-01,-2.193e-01,3.012e+00,7.120e-01,-1.259e+00,-1.785e+00,-1.189e-02,-1.856e-01,-1.853e-02,-3.501e-02,6.600e-01,-1.335e+00,-2.329e-01,-4.414e-01,6.858e-01,4.155e-01,2.105e-01,-1.100e+00,3.667e-01,-1.055e-01,-1.785e+00,-1.785e+00,-2.521e-01,-1.017e+00,1.038e+00,-2.486e-01,9.175e-03,1.769e-01,-5.819e-01,1.020e+00,7.440e-01,4.346e-01,8.762e-01,1.559e+00,1.749e+00,1.769e-01,9.828e-01,8.762e-01,3.382e-01,-6.094e-01,-1.389e+00
2.588e-01,7.936e-01,-1.785e+00,3.001e-01,1.804e+00,9.133e-01,-4.503e-01,3.834e-02,6.485e-01,1.719e+00,-1.051e+00,-1.308e+00,-1.312e-01,6.979e-01,-4.015e-02,6.840e-01,-2.756e-01,6.979e-01,6.680e-01,5.507e-01,1.137e+00,-3.403e-02,1.597e+00,-2.285e-01,7.236e-01,2.588e-01,-1.785e+00,-9.194e-01,5.994e-01,1.013e+00,1.234e+00,1.077e+00,7.223e-01,9.566e-01,9.020e-02,1.418e+00,1.253e+00,1.552e+00,1.612e+00,1.378e+00,1.314e+00,1.484e+00,1.740e+00,1.812e+00,9.772e-01,2.588e-01,-1.253e+00
-3.860e-01,4.056e-02,3.001e-01,-1.785e+00,1.900e-01,-9.175e-02,-2.890e-01,-4.409e-01,-3.400e-01,2.105e-01,-1.236e+00,-1.785e+00,1.438e+00,4.982e-02,1.421e-01,-5.676e-01,-9.622e-01,-9.740e-01,-5.151e-01,-7.773e-01,4.841e-02,-7.132e-01,-2.884e-01,-9.377e-01,-4.876e-02,-7.773e-01,-9.622e-01,-1.785e+00,-5.748e-01,-4.793e-01,-2.965e-01,2.011e+00,-3.427e-01,-3.293e-01,-1.693e-01,-3.964e-02,1.736e-01,-6.940e-02,6.623e-02,2.801e-01,-3.964e-02,-3.293e-01,1.026e-01,-1.171e-02,-3.405e-01,-6.658e-01,-1.538e+00
4.251e-01,4.524e-01,1.804e+00,1.900e-01,-1.785e+00,9.081e-01,6.833e-01,4.735e-01,1.327e+00,1.926e+00,-1.223e+00,-7.802e-01,2.255e-01,4.967e-01,-2.525e-01,1.313e+00,1.736e-01,-4.562e-01,1.052e+00,7.794e-01,5.479e-01,3.028e-01,2.151e+00,3.918e-01,1.275e+00,7.794e-01,-1.785e+00,-1.062e+00,9.867e-01,-1.540e-02,9.425e-01,-1.732e-01,4.766e-01,5.304e-01,-5.305e-01,1.176e+00,1.207e+00,1.356e+00,1.356e+00,1.343e+00,1.546e+00,1.549e+00,1.097e+00,1.035e+00,1.523e+00,1.383e-01,-1.311e+00
2.262e-01,7.850e-01,9.133e-01,-9.175e-02,9.081e-01,-1.785e+00,-7.872e-01,3.336e-01,2.018e-01,9.599e-01,-8.314e-01,-8.619e-02,-5.274e-01,-3.740e-01,-1.791e-01,5.145e-01,-5.446e-01,-1.352e+00,3.315e-01,1.628e-01,1.401e+00,-5.446e-01,7.094e-01,-1.325e+00,2.993e-01,-1.055e-01,-1.785e+00,-1.785e+00,1.513e-01,-3.196e-01,1.996e-01,-7.291e-02,1.010e-01,3.986e-01,-1.055e-01,1.539e+00,6.987e-01,6.833e-01,1.392e+00,1.405e+00,1.415e+00,2.773e-01,1.211e+00,1.180e+00,7.187e-01,2.536e-01,-1.520e+00
-3.599e-01,-4.941e-01,-4.503e-01,-2.890e-01,6.833e-01,-7.872e-01,-1.785e+00,-6.440e-01,-5.078e-01,1.904e-01,-8.206e-01,-1.785e+00,-2.801e-01,8.230e-01,-8.070e-01,-2.547e-01,-3.071e-01,-3.180e-01,-7.872e-01,-3.599e-01,-9.207e-01,-5.719e-01,-2.329e-01,-2.386e-01,-4.941e-01,-8.349e-01,-1.785e+00,-1.439e+00,1.151e-01,7.204e-01,-1.833e-01,-4.414e-01,-6.867e-01,-7.556e-01,-4.656e-01,-6.880e-01,5.901e-01,-2.067e-01,-6.214e-01,-3.943e-01,-4.815e-01,-5.814e-01,-5.104e-01,-5.311e-01,-1.458e-02,-1.072e+00,-1.785e+00
-1.123e-01,-2.193e-01,3.834e-02,-4.409e-01,4.735e-01,3.336e-01,-6.440e-01,-1.785e+00,-4.424e-01,1.769e-01,-1.465e+00,3.269e-01,-2.731e-01,-3.085e-02,-8.668e-01,-3.929e-01,-4.182e-01,-1.136e+00,-4.941e-01,-3.180e-01,2.209e-01,-9.021e-01,-7.353e-02,-1.016e+00,-3.793e-01,-6.327e-01,-8.441e-01,-1.785e+00,-1.218e-01,-5.513e-01,-5.305e-01,-5.175e-01,-6.432e-01,-5.365e-01,3.028e-01,5.771e-01,3.278e-03,-1.933e-02,9.674e-02,2.392e-01,2.109e-01,-5.365e-01,-5.819e-02,-2.169e-01,-2.307e-02,1.480e-01,-1.785e+00
1.010e+00,3.012e+00,6.485e-01,-3.400e-01,1.327e+00,2.018e-01,-5.078e-01,-4.424e-01,-1.785e+00,8.811e-01,-5.761e-01,-1.047e-01,-3.766e-01,4.137e-02,-3.974e-01,1.072e+00,6.600e-01,-5.590e-01,8.204e-01,8.927e-01,3.663e-01,4.155e-01,1.226e+00,5.998e-01,2.551e-01,3.520e-01,-1.785e+00,-1.315e+00,7.794e-01,2.830e-02,4.378e-01,-5.689e-01,1.322e-01,1.561e-01,-7.297e-01,4.492e-01,4.523e-01,8.345e-01,5.847e-01,4.808e-01,4.358e-01,3.691e-01,6.186e-01,5.795e-01,4.206e-01,2.049e-01,-9.213e-01
4.358e-01,7.120e-01,1.719e+00,2.105e-01,1.926e+00,9.599e-01,1.904e-01,1.769e-01,8.811e-01,-1.785e+00,-1.009e+00,-1.030e+00,6.196e-02,-5.552e-01,-7.657e-02,1.175e+00,4.019e-01,-1.392e+00,9.599e-01,4.612e-01,1.132e+00,6.753e-01,1.794e+00,-8.520e-01,9.441e-01,4.612e-01,-1.785e+00,-1.625e+00,8.635e-01,-7.876e-01,9.486e-01,-1.147e-01,6.469e-01,8.741e-01,-1.714e-01,1.280e+00,1.170e+00,1.383e+00,1.591e+00,1.503e+00,1.575e+00,8.741e-01,1.508e+00,1.454e+00,1.493e+00,3.591e-01,-1.605e+00
-1.132e+00,-1.259e+00,-1.051e+00,-1.236e+00,-1.223e+00,-8.314e-01,-8.206e-01,-1.465e+00,-5.761e-01,-1.009e+00,-1.785e+00,-1.785e+00,-9.075e-01,-4.744e-01,-1.317e+00,-1.582e+00,-1.252e+00,-1.244e+00,-1.303e+00,-1.488e+00,-1.785e+00,-1.452e+00,-1.207e+00,-1.358e+00,-1.341e+00,-1.418e+00,-1.785e+00,-1.785e+00,-1.164e+00,-8.617e-01,-1.051e+00,-1.323e+00,-1.279e+00,-1.418e+00,-1.120e+00,-1.312e+00,-1.132e+00,-1.452e+00,-1.785e+00,-1.358e+00,-1.113e+00,-1.785e+00,-1.493e+00,-1.785e+00,-1.598e+00,-1.785e+00,-1.785e+00
-4.879e-01,-1.785e+00,-1.308e+00,-1.785e+00,-7.802e-01,-8.619e-02,-1.785e+00,3.269e-01,-1.047e-01,-1.030e+00,-1.785e+00,-1.785e+00,-1.030e+00,-8.619e-02,-1.259e+00,-5.001e-01,-3.044e-01,-1.522e+00,-1.118e+00,1.883e-01,3.735e-01,-1.569e+00,-1.340e+00,-1.682e+00,-1.727e+00,-1.606e+00,-1.785e+00,-1.785e+00,-3.044e-01,-3.396e-01,-7.473e-01,-8.005e-01,-6.844e-01,-1.108e+00,2.370e-01,-2.123e-01,-1.698e+00,-1.308e+00,-1.518e+00,-1.491e+00,-1.491e+00,-4.092e-01,-1.385e+00,-1.106e+00,-1.785e+00,9.389e-01,-1.785e+00
-1.730e-01,-1.189e-02,-1.312e-01,1.438e+00,2.255e-01,-5.274e-01,-2.801e-01,-2.731e-01,-3.766e-01,6.196e-02,-9.075e-01,-1.030e+00,-1.785e+00,-5.910e-02,3.069e-01,-4.868e-01,-1.041e+00,-1.022e+00,-6.886e-01,-9.406e-01,-2.836e-01,-8.048e-01,-5.309e-01,-1.212e+00,6.333e-01,-7.776e-01,-9.702e-01,-1.785e+00,-5.681e-01,-5.494e-01,-1.554e-01,1.417e+00,-7.201e-01,-6.206e-01,-6.404e-02,-5.769e-02,4.411e-01,-5.989e-02,-3.278e-01,1.749e-01,-7.358e-02,-6.206e-01,1.749e-01,-3.434e-01,-4.425e-01,-7.103e-01,-1.727e+00
4.552e-01,-1.856e-01,6.979e-01,4.982e-02,4.967e-01,-3.740e-01,8.230e-01,-3.085e-02,4.137e-02,-5.552e-01,-4.744e-01,-8.619e-02,-5.910e-02,-1.785e+00,-1.032e+00,-3.883e-01,-1.562e-01,-9.511e-02,-4.037e-01,-6.049e-01,-1.714e-01,-6.732e-01,-1.803e-01,-5.240e-01,-5.491e-01,-6.000e-01,-1.785e+00,-1.485e+00,-1.355e-01,7.620e-01,1.611e-01,8.726e-02,-9.519e-01,-9.440e-01,-4.024e-02,-2.507e-01,1.412e-01,-6.286e-01,-1.035e+00,-5.941e-01,-7.940e-01,-5.372e-01,-6.419e-01,-1.277e+00,-9.007e-01,-1.818e-01,-1.583e+00
-8.293e-01,-1.853e-02,-4.015e-02,1.421e-01,-2.525e-01,-1.791e-01,-8.070e-01,-8.668e-01,-3.974e-01,-7.657e-02,-1.317e+00,-1.259e+00,3.069e-01,-1.032e+00,-1.785e+00,-5.535e-01,-1.079e+00,-1.511e+00,-5.806e-01,-8.293e-01,-4.618e-02,-7.704e-01,-3.656e-01,-1.568e+00,3.134e-01,-8.293e-01,-8.486e-01,-1.785e+00,-6.372e-01,-1.206e+00,1.072e-01,3.775e-01,-3.330e-01,-4.044e-01,-8.853e-01,-1.297e-01,5.086e-01,-2.244e-01,-2.928e-02,5.705e-03,2.473e-01,-4.044e-01,2.558e-01,-1.032e-01,-1.411e-01,-8.293e-01,-1.785e+00
8.803e-01,-3.501e-02,6.840e-01,-5.676e-01,1.313e+00,5.145e-01,-2.547e-01,-3.929e-01,1.072e+00,1.175e+00,-1.582e+00,-5.001e-01,-4.868e-01,-3.883e-01,-5.535e-01,-1.785e+00,1.029e+00,9.957e-01,9.575e-01,1.479e+00,-2.748e-02,-2.910e-01,1.180e+00,7.167e-01,6.741e-01,7.310e-01,6.860e-01,-3.848e-01,9.304e-01,1.497e-01,5.532e-02,5.622e-02,6.924e-01,4.884e-01,8.666e-01,4.458e-01,1.469e-01,1.495e+00,5.811e-01,6.660e-01,7.246e-01,4.067e-01,5.190e-01,4.815e-01,8.920e-01,2.378e-01,-1.538e+00
-1.339e-02,6.600e-01,-2.756e-01,-9.622e-01,1.736e-01,-5.446e-01,-3.071e-01,-4.182e-01,6.600e-01,4.019e-01,-1.252e+00,-3.044e-01,-1.041e+00,-1.562e-01,-1.079e+00,1.029e+00,-1.785e+00,1.118e+00,2.124e-01,1.095e+00,-4.419e-01,1.268e+00,6.158e-01,5.630e-01,-1.747e-01,5.026e-01,-1.785e+00,-2.181e-01,3.012e+00,6.138e-01,-4.044e-02,-3.605e-01,2.426e-02,-3.965e-01,9.151e-01,-2.507e-01,7.611e-01,8.158e-01,-3.385e-01,-4.019e-01,-7.621e-01,-2.507e-01,-1.802e-01,-2.262e-01,-6.278e-01,-1.055e-01,-1.144e+00
-8.839e-01,-1.335e+00,6.979e-01,-9.740e-01,-4.562e-01,-1.352e+00,-3.180e-01,-1.136e+00,-5.590e-01,-1.392e+00,-1.244e+00,-1.522e+00,-1.022e+00,-9.511e-02,-1.511e+00,9.957e-01,1.118e+00,-1.785e+00,1.026e+00,2.281e+00,-8.308e-01,-9.409e-02,1.534e+00,1.437e+00,1.492e-01,1.564e+00,-1.785e+00,2.219e-01,2.281e+00,1.726e+00,4.475e-01,-2.762e-03,-1.297e-01,-3.502e-01,2.168e+00,-1.083e+00,3.909e-01,1.857e+00,-8.387e-01,-9.181e-01,-1.172e+00,-5.893e-01,-6.005e-01,-1.202e+00,-8.119e-01,-1.135e+00,-1.660e+00
2.262e-01,-2.329e-01,6.680e-01,-5.151e-01,1.052e+00,3.315e-01,-7.872e-01,-4.941e-01,8.204e-01,9.599e-01,-1.303e+00,-1.118e+00,-6.886e-01,-4.037e-01,-5.806e-01,9.575e-01,2.124e-01,1.026e+00,-1.785e+00,1.056e+00,3.540e-01,-5.365e-01,8.580e-01,5.061e-01,2.459e-01,5.044e-01,-1.785e+00,9.674e-02,1.056e+00,7.983e-01,-1.395e-01,-5.970e-01,-2.318e-01,3.466e-02,7.629e-01,3.482e-01,2.304e-01,7.952e-01,4.776e-01,4.768e-01,5.421e-01,2.773e-01,4.969e-01,2.838e-01,4.298e-01,7.342e-01,-8.963e-01
1.736e-01,-4.414e-01,5.507e-01,-7.773e-01,7.794e-01,1.628e-01,-3.599e-01,-3.180e-01,8.927e-01,4.612e-01,-1.488e+00,1.883e-01,-9.406e-01,-6.049e-01,-8.293e-01,1.479e+00,1.095e+00,2.281e+00,1.056e+00,-1.785e+00,2.203e-02,-2.989e-01,1.325e+00,1.401e+00,2.071e-01,1.485e+00,1.972e+00,4.198e-01,2.682e+00,1.301e+00,2.588e-01,-1.942e-01,1.736e-01,4.616e-01,2.092e+00,6.157e-02,4.063e-01,2.034e+00,1.736e-01,8.776e-02,2.924e-01,5.252e-01,5.662e-01,-2.614e-02,2.781e-01,8.635e-01,-1.647e+00
3.350e-02,6.858e-01,1.137e+00,4.841e-02,5.479e-01,1.401e+00,-9.207e-01,2.209e-01,3.663e-01,1.132e+00,-1.785e+00,3.735e-01,-2.836e-01,-1.714e-01,-4.618e-02,-2.748e-02,-4.419e-01,-8.308e-01,3.540e-01,2.203e-02,-1.785e+00,-4.419e-01,3.757e-01,-7.880e-01,6.680e-02,3.350e-02,-1.785e+00,4.457e-02,-3.784e-02,-7.423e-02,9.011e-01,-7.050e-02,3.773e-01,8.420e-01,1.355e-01,1.438e+00,1.004e+00,8.876e-01,1.333e+00,1.196e+00,1.050e+00,5.793e-01,1.304e+00,1.185e+00,5.089e-01,7.043e-01,-1.315e+00
-2.289e-01,4.155e-01,-3.403e-02,-7.132e-01,3.028e-01,-5.446e-01,-5.719e-01,-9.021e-01,4.155e-01,6.753e-01,-1.452e+00,-1.569e+00,-8.048e-01,-6.732e-01,-7.704e-01,-2.910e-01,1.268e+00,-9.409e-02,-5.365e-01,-2.989e-01,-4.419e-01,-1.785e+00,-2.796e-01,-4.600e-01,2.654e-01,2.805e-01,-1.785e+00,-9.892e-01,-1.147e-01,2.364e-01,9.689e-01,-6.857e-01,-3.385e-01,-5.053e-01,-3.919e-01,-2.602e-01,-2.192e-01,4.019e-01,-3.385e-01,2.945e-01,2.945e-01,-2.507e-01,-1.802e-01,-2.262e-01,-1.174e-01,-1.074e+00,-1.631e+00
-1.339e-02,2.105e-01,1.597e+00,-2.884e-01,2.151e+00,7.094e-01,-2.329e-01,-7.353e-02,1.226e+00,1.794e+00,-1.207e+00,-1.340e+00,-5.309e-01,-1.803e-01,-3.656e-01,1.180e+00,6.158e-01,1.534e+00,8.580e-01,1.325e+00,3.757e-01,-2.796e-01,-1.785e+00,1.657e+00,1.049e+00,9.975e-01,-1.785e+00,-5.028e-01,1.325e+00,8.826e-01,8.537e-01,-2.777e-01,2.546e-01,3.595e-01,1.131e+00,9.575e-01,5.901e-01,1.318e+00,1.124e+00,1.136e+00,1.512e+00,3.595e-01,1.151e+00,8.273e-01,1.688e+00,-3.651e-03,-1.115e+00
-2.285e-01,-1.100e+00,-2.285e-01,-9.377e-01,3.918e-01,-1.325e+00,-2.386e-01,-1.016e+00,5.998e-01,-8.520e-01,-1.358e+00,-1.682e+00,-1.212e+00,-5.240e-01,-1.568e+00,7.167e-01,5.630e-01,1.437e+00,5.061e-01,1.401e+00,-7.880e-01,-4.600e-01,1.657e+00,-1.785e+00,-1.273e-01,9.848e-01,-1.785e+00,1.232e-02,1.401e+00,1.035e+00,-3.562e-02,2.226e-01,-2.285e-01,-6.607e-01,1.091e+00,-1.358e+00,1.332e-01,1.069e+00,-1.043e+00,-7.660e-01,-1.300e+00,-8.481e-01,-1.988e-01,-1.324e+00,-7.683e-01,-1.445e+00,-1.389e+00
-3.066e-01,3.667e-01,7.236e-01,-4.876e-02,1.275e+00,2.993e-01,-4.941e-01,-3.793e-01,2.551e-01,9.441e-01,-1.341e+00,-1.727e+00,6.333e-01,-5.491e-01,3.134e-01,6.741e-01,-1.747e-01,1.492e-01,2.459e-01,2.071e-01,6.680e-02,2.654e-01,1.049e+00,-1.273e-01,-1.785e+00,1.332e+00,8.834e-01,-7.736e-01,5.374e-01,-2.973e-01,1.168e+00,5.540e-01,9.546e-02,4.294e-01,1.447e-01,5.655e-01,9.736e-01,1.135e+00,6.301e-01,7.478e-01,7.491e-01,3.239e-01,6.959e-01,3.979e-01,7.682e-01,-3.219e-01,-1.181e+00
-1.858e-01,-1.055e-01,2.588e-01,-7.773e-01,7.794e-01,-1.055e-01,-8.349e-01,-6.327e-01,3.520e-01,4.612e-01,-1.418e+00,-1.606e+00,-7.776e-01,-6.000e-01,-8.293e-01,7.310e-01,5.026e-01,1.564e+00,5.044e-01,1.485e+00,3.350e-02,2.805e-01,9.975e-01,9.848e-01,1.332e+00,-1.785e+00,1.607e+00,-6.176e-01,1.485e+00,4.391e-01,7.400e-01,1.804e-01,6.367e-02,4.869e-01,1.472e+00,2.795e-01,1.537e+00,2.034e+00,1.736e-01,8.322e-01,4.090e-01,5.252e-01,1.076e+00,6.774e-01,2.781e-01,-5.856e-01,-1.615e+00
-8.965e-01,-1.785e+00,-1.785e+00,-9.622e-01,-1.785e+00,-1.785e+00,-1.785e+00,-8.441e-01,-1.785e+00,-1.785e+00,-1.785e+00,-1.785e+00,-9.702e-01,-1.785e+00,-8.486e-01,6.860e-01,-1.785e+00,-1.785e+00,-1.785e+00,1.972e+00,-1.785e+00,-1.785e+00,-1.785e+00,-1.785e+00,8.834e-01,1.607e+00,-1.785e+00,-1.785e+00,-1.785e+00,-1.785e+00,8.932e-01,-3.953e-01,-1.785e+00,-4.080e-01,-1.785e+00,-1.785e+00,-1.785e+00,-1.785e+00,-1.785e+00,-1.785e+00,-8.881e-02,-1.785e+00,-1.785e+00,-1.785e+00,-1.785e+00,-8.057e-01,-1.785e+00
-1.596e+00,-1.785e+00,-9.194e-01,-1.785e+00,-1.062e+00,-1.785e+00,-1.439e+00,-1.785e+00,-1.315e+00,-1.625e+00,-1.785e+00,-1.785e+00,-1.785e+00,-1.485e+00,-1.785e+00,-3.848e-01,-2.181e-01,2.219e-01,9.674e-02,4.198e-01,4.457e-02,-9.892e-01,-5.028e-01,1.232e-02,-7.736e-01,-6.176e-01,-1.785e+00,-1.785e+00,4.198e-01,5.672e-01,-6.176e-01,-1.058e+00,-4.001e-01,-1.035e+00,1.342e-01,-1.685e+00,-5.856e-01,1.193e-01,-1.166e+00,-1.684e+00,-1.666e+00,-1.410e+00,-8.441e-01,-1.785e+00,-1.120e+00,-1.785e+00,-1.654e+00
4.766e-01,-2.521e-01,5.994e-01,-5.748e-01,9.867e-01,1.513e-01,1.151e-01,-1.218e-01,7.794e-01,8.635e-01,-1.164e+00,-3.044e-01,-5.681e-01,-1.355e-01,-6.372e-01,9.304e-01,3.012e+00,2.281e+00,1.056e+00,2.682e+00,-3.784e-02,-1.147e-01,1.325e+00,1.401e+00,5.374e-01,1.485e+00,-1.785e+00,4.198e-01,-1.785e+00,1.301e+00,2.588e-01,-1.942e-01,1.814e-01,8.777e-02,2.092e+00,5.771e-01,4.198e-01,2.034e+00,4.496e-01,4.079e-01,5.435e-01,2.265e-01,4.481e-01,3.273e-01,9.520e-01,2.924e-01,-5.609e-01
2.711e-01,-1.017e+00,1.013e+00,-4.793e-01,-1.540e-02,-3.196e-01,7.204e-01,-5.513e-01,2.830e-02,-7.876e-01,-8.617e-01,-3.396e-01,-5.494e-01,7.620e-01,-1.206e+00,1.497e-01,6.138e-01,1.726e+00,7.983e-01,1.301e+00,-7.423e-02,2.364e-01,8.826e-01,1.035e+00,-2.973e-01,4.391e-01,-1.785e+00,5.672e-01,1.301e+00,-1.785e+00,7.568e-01,4.567e-01,-1.554e-01,-7.640e-01,1.108e+00,-2.022e-01,-3.044e-01,7.593e-01,-9.091e-01,-4.898e-01,-4.898e-01,-1.017e+00,-2.762e-01,-1.483e+00,-9.702e-01,-1.365e-01,-1.362e+00
5.771e-01,1.038e+00,1.234e+00,-2.965e-01,9.425e-01,1.996e-01,-1.833e-01,-5.305e-01,4.378e-01,9.486e-01,-1.051e+00,-7.473e-01,-1.554e-01,1.611e-01,1.072e-01,5.532e-02,-4.044e-02,4.475e-01,-1.395e-01,2.588e-01,9.011e-01,9.689e-01,8.537e-01,-3.562e-02,1.168e+00,7.400e-01,8.932e-01,-6.176e-01,2.588e-01,7.568e-01,-1.785e+00,-3.311e-01,5.556e-01,7.743e-01,1.309e-01,1.417e+00,1.170e+00,1.108e+00,1.108e+00,3.012e+00,3.012e+00,7.743e-01,1.424e+00,1.333e+00,4.358e-01,1.736e-01,-1.225e+00
-4.793e-01,-2.486e-01,1.077e+00,2.011e+00,-1.732e-01,-7.291e-02,-4.414e-01,-5.175e-01,-5.689e-01,-1.147e-01,-1.323e+00,-8.005e-01,1.417e+00,8.726e-02,3.775e-01,5.622e-02,-3.605e-01,-2.762e-03,-5.970e-01,-1.942e-01,-7.050e-02,-6.857e-01,-2.777e-01,2.226e-01,5.540e-01,1.804e-01,-3.953e-01,-1.058e+00,-1.942e-01,4.567e-01,-3.311e-01,-1.785e+00,-6.658e-01,-6.959e-01,1.115e+00,-4.001e-01,4.766e-01,-3.053e-01,-4.001e-01,-2.377e-02,-4.793e-01,-4.793e-01,4.271e-02,-2.462e-01,-6.658e-01,-8.427e-01,-1.181e+00
-2.004e-01,9.175e-03,7.223e-01,-3.427e-01,4.766e-01,1.010e-01,-6.867e-01,-6.432e-01,1.322e-01,6.469e-01,-1.279e+00,-6.844e-01,-7.201e-01,-9.519e-01,-3.330e-01,6.924e-01,2.426e-02,-1.297e-01,-2.318e-01,1.736e-01,3.773e-01,-3.385e-01,2.546e-01,-2.285e-01,9.546e-02,6.367e-02,-1.785e+00,-4.001e-01,1.814e-01,-1.554e-01,5.556e-01,-6.658e-01,-1.785e+00,1.649e+00,-4.212e-01,5.790e-01,1.036e+00,1.237e+00,6.409e-01,4.572e-01,2.734e-01,9.810e-01,1.168e+00,1.352e+00,5.832e-01,-4.793e-01,-1.785e+00
-5.233e-02,1.769e-01,9.566e-01,-3.293e-01,5.304e-01,3.986e-01,-7.556e-01,-5.365e-01,1.561e-01,8.741e-01,-1.418e+00,-1.108e+00,-6.206e-01,-9.440e-01,-4.044e-01,4.884e-01,-3.965e-01,-3.502e-01,3.466e-02,4.616e-01,8.420e-01,-5.053e-01,3.595e-01,-6.607e-01,4.294e-01,4.869e-01,-4.080e-01,-1.035e+00,8.777e-02,-7.640e-01,7.743e-01,-6.959e-01,1.649e+00,-1.785e+00,-3.074e-01,7.501e-01,1.537e+00,1.247e+00,8.676e-01,5.823e-01,4.658e-01,1.344e+00,1.613e+00,1.645e+00,5.271e-01,-1.967e-01,-1.785e+00
-6.762e-01,-5.819e-01,9.020e-02,-1.693e-01,-5.305e-01,-1.055e-01,-4.656e-01,3.028e-01,-7.297e-01,-1.714e-01,-1.120e+00,2.370e-01,-6.404e-02,-4.024e-02,-8.853e-01,8.666e-01,9.151e-01,2.168e+00,7.629e-01,2.092e+00,1.355e-01,-3.919e-01,1.131e+00,1.091e+00,1.447e-01,1.472e+00,-1.785e+00,1.342e-01,2.092e+00,1.108e+00,1.309e-01,1.115e+00,-4.212e-01,-3.074e-01,-1.785e+00,-3.161e-01,3.625e-01,1.624e+00,-6.207e-01,-1.847e-01,-6.671e-01,-3.161e-01,-2.479e-02,-1.120e+00,-7.181e-01,6.569e-02,-1.045e+00
2.881e-01,1.020e+00,1.418e+00,-3.964e-02,1.176e+00,1.539e+00,-6.880e-01,5.771e-01,4.492e-01,1.280e+00,-1.312e+00,-2.123e-01,-5.769e-02,-2.507e-01,-1.297e-01,4.458e-01,-2.507e-01,-1.083e+00,3.482e-01,6.157e-02,1.438e+00,-2.602e-01,9.575e-01,-1.358e+00,5.655e-01,2.795e-01,-1.785e+00,-1.685e+00,5.771e-01,-2.022e-01,1.417e+00,-4.001e-01,5.790e-01,7.501e-01,-3.161e-01,-1.785e+00,1.249e+00,1.230e+00,1.607e+00,1.459e+00,1.413e+00,1.048e+00,1.721e+00,1.607e+00,8.620e-01,1.939e-01,-1.291e+00
4.358e-01,7.440e-01,1.253e+00,1.736e-01,1.207e+00,6.987e-01,5.901e-01,3.278e-03,4.523e-01,1.170e+00,-1.132e+00,-1.698e+00,4.411e-01,1.412e-01,5.086e-01,1.469e-01,7.611e-01,3.909e-01,2.304e-01,4.063e-01,1.004e+00,-2.192e-01,5.901e-01,1.332e-01,9.736e-01,1.537e+00,-1.785e+00,-5.856e-01,4.198e-01,-3.044e-01,1.170e+00,4.766e-01,1.036e+00,1.537e+00,3.625e-01,1.249e+00,-1.785e+00,2.047e+00,1.299e+00,1.369e+00,8.699e-01,1.537e+00,2.132e+00,1.683e+00,7.747e-01,-3.616e-01,-1.317e+00
2.570e-01,4.346e-01,1.552e+00,-6.940e-02,1.356e+00,6.833e-01,-2.067e-01,-1.933e-02,8.345e-01,1.383e+00,-1.452e+00,-1.308e+00,-5.989e-02,-6.286e-01,-2.244e-01,1.495e+00,8.158e-01,1.857e+00,7.952e-01,2.034e+00,8.876e-01,4.019e-01,1.318e+00,1.069e+00,1.135e+00,2.034e+00,-1.785e+00,1.193e-01,2.034e+00,7.593e-01,1.108e+00,-3.053e-01,1.237e+00,1.247e+00,1.624e+00,1.230e+00,2.047e+00,-1.785e+00,1.413e+00,1.082e+00,1.042e+00,1.103e+00,1.433e+00,1.374e+00,1.397e+00,-1.528e-01,-1.634e+00
1.736e-01,8.762e-01,1.612e+00,6.623e-02,1.356e+00,1.392e+00,-6.214e-01,9.674e-02,5.847e-01,1.591e+00,-1.785e+00,-1.518e+00,-3.278e-01,-1.035e+00,-2.928e-02,5.811e-01,-3.385e-01,-8.387e-01,4.776e-01,1.736e-01,1.333e+00,-3.385e-01,1.124e+00,-1.043e+00,6.301e-01,1.736e-01,-1.785e+00,-1.166e+00,4.496e-01,-9.091e-01,1.108e+00,-4.001e-01,6.409e-01,8.676e-01,-6.207e-01,1.607e+00,1.299e+00,1.413e+00,-1.785e+00,1.655e+00,1.607e+00,8.676e-01,1.541e+00,1.446e+00,1.023e+00,1.736e-01,-1.785e+00
3.088e-01,1.559e+00,1.378e+00,2.801e-01,1.343e+00,1.405e+00,-3.943e-01,2.392e-01,4.808e-01,1.503e+00,-1.358e+00,-1.491e+00,1.749e-01,-5.941e-01,5.705e-03,6.660e-01,-4.019e-01,-9.181e-01,4.768e-01,8.776e-02,1.196e+00,2.945e-01,1.136e+00,-7.660e-01,7.478e-01,8.322e-01,-1.785e+00,-1.684e+00,4.079e-01,-4.898e-01,3.012e+00,-2.377e-02,4.572e-01,5.823e-01,-1.847e-01,1.459e+00,1.369e+00,1.082e+00,1.655e+00,-1.785e+00,3.012e+00,5.823e-01,1.372e+00,1.273e+00,1.234e+00,-2.928e-02,-1.225e+00
6.436e-03,1.749e+00,1.314e+00,-3.964e-02,1.546e+00,1.415e+00,-4.815e-01,2.109e-01,4.358e-01,1.575e+00,-1.113e+00,-1.491e+00,-7.358e-02,-7.940e-01,2.473e-01,7.246e-01,-7.621e-01,-1.172e+00,5.421e-01,2.924e-01,1.050e+00,2.945e-01,1.512e+00,-1.300e+00,7.491e-01,4.090e-01,-8.881e-02,-1.666e+00,5.435e-01,-4.898e-01,3.012e+00,-4.793e-01,2.734e-01,4.658e-01,-6.671e-01,1.413e+00,8.699e-01,1.042e+00,1.607e+00,3.012e+00,-1.785e+00,4.658e-01,1.717e+00,1.042e+00,1.193e+00,-5.384e-02,-1.225e+00
2.585e-01,1.769e-01,1.484e+00,-3.293e-01,1.549e+00,2.773e-01,-5.814e-01,-5.365e-01,3.691e-01,8.741e-01,-1.785e+00,-4.092e-01,-6.206e-01,-5.372e-01,-4.044e-01,4.067e-01,-2.507e-01,-5.893e-01,2.773e-01,5.252e-01,5.793e-01,-2.507e-01,3.595e-01,-8.481e-01,3.239e-01,5.252e-01,-1.785e+00,-1.410e+00,2.265e-01,-1.017e+00,7.743e-01,-4.793e-01,9.810e-01,1.344e+00,-3.161e-01,1.048e+00,1.537e+00,1.103e+00,8.676e-01,5.823e-01,4.658e-01,-1.785e+00,1.702e+00,1.772e+00,3.883e-01,3.808e-01,-1.785e+00
4.090e-01,9.828e-01,1.740e+00,1.026e-01,1.097e+00,1.211e+00,-5.104e-01,-5.819e-02,6.186e-01,1.508e+00,-1.493e+00,-1.385e+00,1.749e-01,-6.419e-01,2.558e-01,5.190e-01,-1.802e-01,-6.005e-01,4.969e-01,5.662e-01,1.304e+00,-1.802e-01,1.151e+00,-1.988e-01,6.959e-01,1.076e+00,-1.785e+00,-8.441e-01,4.481e-01,-2.762e-01,1.424e+00,4.271e-02,1.168e+00,1.613e+00,-2.479e-02,1.721e+00,2.132e+00,1.433e+00,1.541e+00,1.372e+00,1.717e+00,1.702e+00,-1.785e+00,1.991e+00,9.062e-01,-1.956e-02,-1.389e+00
3.256e-01,8.762e-01,1.812e+00,-1.171e-02,1.035e+00,1.180e+00,-5.311e-01,-2.169e-01,5.795e-01,1.454e+00,-1.785e+00,-1.106e+00,-3.434e-01,-1.277e+00,-1.032e-01,4.815e-01,-2.262e-01,-1.202e+00,2.838e-01,-2.614e-02,1.185e+00,-2.262e-01,8.273e-01,-1.324e+00,3.979e-01,6.774e-01,-1.785e+00,-1.785e+00,3.273e-01,-1.483e+00,1.333e+00,-2.462e-01,1.352e+00,1.645e+00,-1.120e+00,1.607e+00,1.683e+00,1.374e+00,1.446e+00,1.273e+00,1.042e+00,1.772e+00,1.991e+00,-1.785e+00,7.362e-01,-2.020e-01,-1.785e+00
-2.876e-01,3.382e-01,9.772e-01,-3.405e-01,1.523e+00,7.187e-01,-1.458e-02,-2.307e-02,4.206e-01,1.493e+00,-1.598e+00,-1.785e+00,-4.425e-01,-9.007e-01,-1.411e-01,8.920e-01,-6.278e-01,-8.119e-01,4.298e-01,2.781e-01,5.089e-01,-1.174e-01,1.688e+00,-7.683e-01,7.682e-01,2.781e-01,-1.785e+00,-1.120e+00,9.520e-01,-9.702e-01,4.358e-01,-6.658e-01,5.832e-01,5.271e-01,-7.181e-01,8.620e-01,7.747e-01,1.397e+00,1.023e+00,1.234e+00,1.193e+00,3.883e-01,9.062e-01,7.362e-01,-1.785e+00,-6.574e-02,-1.698e+00
2.824e-01,-6.094e-01,2.588e-01,-6.658e-01,1.383e-01,2.536e-01,-1.072e+00,1.480e-01,2.049e-01,3.591e-01,-1.785e+00,9.389e-01,-7.103e-01,-1.818e-01,-8.293e-01,2.378e-01,-1.055e-01,-1.135e+00,7.342e-01,8.635e-01,7.043e-01,-1.074e+00,-3.651e-03,-1.445e+00,-3.219e-01,-5.856e-01,-8.057e-01,-1.785e+00,2.924e-01,-1.365e-01,1.736e-01,-8.427e-01,-4.793e-01,-1.967e-01,6.569e-02,1.939e-01,-3.616e-01,-1.528e-01,1.736e-01,-2.928e-02,-5.384e-02,3.808e-01,-1.956e-02,-2.020e-01,-6.574e-02,-1.785e+00,-1.358e+00
-1.132e+00,-1.389e+00,-1.253e+00,-1.538e+00,-1.311e+00,-1.520e+00,-1.785e+00,-1.785e+00,-9.213e-01,-1.605e+00,-1.785e+00,-1.785e+00,-1.727e+00,-1.583e+00,-1.785e+00,-1.538e+00,-1.144e+00,-1.660e+00,-8.963e-01,-1.647e+00,-1.315e+00,-1.631e+00,-1.115e+00,-1.389e+00,-1.181e+00,-1.615e+00,-1.785e+00,-1.654e+00,-5.609e-01,-1.362e+00,-1.225e+00,-1.181e+00,-1.785e+00,-1.785e+00,-1.045e+00,-1.291e+00,-1.317e+00,-1.634e+00,-1.785e+00,-1.225e+00,-1.225e+00,-1.785e+00,-1.389e+00,-1.785e+00,-1.698e+00,-1.358e+00,-1.785e+00
