-1.602e+00,4.715e-01,6.403e-01,4.385e-01,9.508e-02,-9.393e-01,-2.859e-01,3.544e-01,6.707e-01,-9.532e-02,3.851e-01,2.430e-01,-1.410e+00,-5.638e-02,4.840e-01,-8.246e-01,-8.369e-01,-4.768e-01,-1.019e+00,5.052e-01,5.013e-01,4.955e-01,-9.393e-01
4.715e-01,-1.602e+00,2.039e+00,1.135e+00,2.479e-01,-8.573e-01,-1.118e+00,8.541e-01,9.169e-01,8.945e-01,7.677e-01,1.362e+00,-7.236e-01,7.877e-01,1.237e+00,7.177e-01,-6.782e-01,3.005e-01,-4.702e-01,1.694e+00,1.647e+00,4.715e-01,-1.062e+00
6.403e-01,2.039e+00,-1.602e+00,1.130e+00,6.893e-01,-1.032e+00,-5.824e-01,9.101e-01,7.129e-01,5.356e-01,9.996e-01,7.647e-01,-8.679e-01,9.996e-01,1.934e-01,-3.477e-01,-4.096e-01,-3.291e-01,-6.173e-01,1.804e+00,1.402e+00,3.493e-01,-1.121e+00
4.385e-01,1.135e+00,1.130e+00,-1.602e+00,5.474e-01,-6.343e-01,1.216e-01,-5.504e-01,-1.703e-01,1.990e+00,3.742e-01,1.630e+00,-1.602e+00,1.020e-01,-1.152e-01,-9.008e-01,-7.670e-01,1.020e-01,-5.416e-01,1.821e+00,1.770e+00,4.662e-01,-1.332e+00
9.508e-02,2.479e-01,6.893e-01,5.474e-01,-1.602e+00,-1.277e+00,5.406e-01,-6.068e-01,1.777e-01,3.072e-01,-1.135e-01,4.331e-01,-1.602e+00,2.096e-01,-3.502e-01,-2.833e-02,-5.640e-01,5.162e-01,-2.839e-01,1.839e-01,7.944e-01,3.591e-01,-1.602e+00
-9.393e-01,-8.573e-01,-1.032e+00,-6.343e-01,-1.277e+00,-1.602e+00,-1.602e+00,-4.081e-01,-2.722e-01,-5.631e-01,-1.300e+00,-1.602e+00,-1.602e+00,-1.602e+00,-6.650e-01,-1.394e+00,-1.028e+00,-9.267e-01,-1.335e+00,-1.602e+00,-1.122e+00,-1.602e+00,-1.602e+00
-2.859e-01,-1.118e+00,-5.824e-01,1.216e-01,5.406e-01,-1.602e+00,-1.602e+00,-1.180e+00,1.216e-01,-1.096e+00,4.000e-01,5.879e-01,-1.602e+00,5.910e-01,-1.355e-01,-1.176e+00,-4.851e-01,4.494e-01,-1.837e-01,-8.507e-01,-6.357e-03,1.161e+00,-1.602e+00
3.544e-01,8.541e-01,9.101e-01,-5.504e-01,-6.068e-01,-4.081e-01,-1.180e+00,-1.602e+00,2.148e+00,-8.936e-01,-6.271e-01,-4.292e-01,-1.496e+00,1.001e+00,6.744e-01,5.568e-01,-4.412e-01,8.397e-01,-3.168e-01,-6.819e-01,-5.134e-01,-3.850e-01,-1.301e+00
6.707e-01,9.169e-01,7.129e-01,-1.703e-01,1.777e-01,-2.722e-01,1.216e-01,2.148e+00,-1.602e+00,-7.094e-01,-4.046e-01,3.516e-02,-1.297e+00,4.495e-01,9.819e-01,9.922e-01,4.734e-01,1.682e-01,-1.177e-01,-6.455e-01,-4.531e-02,2.459e-02,-1.396e+00
-9.532e-02,8.945e-01,5.356e-01,1.990e+00,3.072e-01,-5.631e-01,-1.096e+00,-8.936e-01,-7.094e-01,-1.602e+00,-3.118e-01,1.368e+00,-1.602e+00,-1.828e-01,-1.200e+00,-8.005e-01,-1.239e+00,-7.472e-01,-8.845e-01,1.948e+00,1.532e+00,-1.825e-01,-1.548e+00
3.851e-01,7.677e-01,9.996e-01,3.742e-01,-1.135e-01,-1.300e+00,4.000e-01,-6.271e-01,-4.046e-01,-3.118e-01,-1.602e+00,2.314e-01,6.349e-01,1.538e+00,1.529e+00,1.368e+00,1.368e+00,2.331e+00,1.811e-01,5.223e-01,2.715e-01,1.085e+00,-1.462e+00
2.430e-01,1.362e+00,7.647e-01,1.630e+00,4.331e-01,-1.602e+00,5.879e-01,-4.292e-01,3.516e-02,1.368e+00,2.314e-01,-1.602e+00,2.542e-01,6.893e-01,1.337e-01,-8.743e-01,1.409e-01,3.465e-01,5.110e-01,1.611e+00,1.668e+00,9.234e-01,-1.124e+00
-1.410e+00,-7.236e-01,-8.679e-01,-1.602e+00,-1.602e+00,-1.602e+00,-1.602e+00,-1.496e+00,-1.297e+00,-1.602e+00,6.349e-01,2.542e-01,-1.602e+00,6.975e-01,7.843e-01,5.973e-01,9.114e-01,3.452e-01,-1.873e-01,-3.010e-01,-1.500e+00,-1.602e+00,-1.469e+00
-5.638e-02,7.877e-01,9.996e-01,1.020e-01,2.096e-01,-1.602e+00,5.910e-01,1.001e+00,4.495e-01,-1.828e-01,1.538e+00,6.893e-01,6.975e-01,-1.602e+00,1.645e+00,7.729e-01,1.248e+00,1.115e+00,6.911e-01,5.223e-01,2.715e-01,4.133e-01,-9.884e-01
4.840e-01,1.237e+00,1.934e-01,-1.152e-01,-3.502e-01,-6.650e-01,-1.355e-01,6.744e-01,9.819e-01,-1.200e+00,1.529e+00,1.337e-01,7.843e-01,1.645e+00,-1.602e+00,8.626e-01,1.355e+00,1.333e+00,-4.836e-02,1.582e-01,3.907e-03,7.061e-02,-1.172e+00
-8.246e-01,7.177e-01,-3.477e-01,-9.008e-01,-2.833e-02,-1.394e+00,-1.176e+00,5.568e-01,9.922e-01,-8.005e-01,1.368e+00,-8.743e-01,5.973e-01,7.729e-01,8.626e-01,-1.602e+00,1.805e+00,1.182e+00,3.851e-01,-2.583e-01,-2.096e-01,-9.008e-01,-1.003e+00
-8.369e-01,-6.782e-01,-4.096e-01,-7.670e-01,-5.640e-01,-1.028e+00,-4.851e-01,-4.412e-01,4.734e-01,-1.239e+00,1.368e+00,1.409e-01,9.114e-01,1.248e+00,1.355e+00,1.805e+00,-1.602e+00,1.337e+00,1.378e+00,7.748e-02,-8.991e-01,-3.677e-01,-1.127e+00
-4.768e-01,3.005e-01,-3.291e-01,1.020e-01,5.162e-01,-9.267e-01,4.494e-01,8.397e-01,1.682e-01,-7.472e-01,2.331e+00,3.465e-01,3.452e-01,1.115e+00,1.333e+00,1.182e+00,1.337e+00,-1.602e+00,6.715e-01,-3.208e-01,-1.116e-01,2.757e-01,-8.507e-01
-1.019e+00,-4.702e-01,-6.173e-01,-5.416e-01,-2.839e-01,-1.335e+00,-1.837e-01,-3.168e-01,-1.177e-01,-8.845e-01,1.811e-01,5.110e-01,-1.873e-01,6.911e-01,-4.836e-02,3.851e-01,1.378e+00,6.715e-01,-1.602e+00,-3.920e-01,-5.923e-01,-4.336e-01,-8.879e-01
5.052e-01,1.694e+00,1.804e+00,1.821e+00,1.839e-01,-1.602e+00,-8.507e-01,-6.819e-01,-6.455e-01,1.948e+00,5.223e-01,1.611e+00,-3.010e-01,5.223e-01,1.582e-01,-2.583e-01,7.748e-02,-3.208e-01,-3.920e-01,-1.602e+00,2.887e+00,5.713e-01,-1.480e+00
5.013e-01,1.647e+00,1.402e+00,1.770e+00,7.944e-01,-1.122e+00,-6.357e-03,-5.134e-01,-4.531e-02,1.532e+00,2.715e-01,1.668e+00,-1.500e+00,2.715e-01,3.907e-03,-2.096e-01,-8.991e-01,-1.116e-01,-5.923e-01,2.887e+00,-1.602e+00,4.057e-01,-1.101e+00
4.955e-01,4.715e-01,3.493e-01,4.662e-01,3.591e-01,-1.602e+00,1.161e+00,-3.850e-01,2.459e-02,-1.825e-01,1.085e+00,9.234e-01,-1.602e+00,4.133e-01,7.061e-02,-9.008e-01,-3.677e-01,2.757e-01,-4.336e-01,5.713e-01,4.057e-01,-1.602e+00,-1.168e+00
-9.393e-01,-1.062e+00,-1.121e+00,-1.332e+00,-1.602e+00,-1.602e+00,-1.602e+00,-1.301e+00,-1.396e+00,-1.548e+00,-1.462e+00,-1.124e+00,-1.469e+00,-9.884e-01,-1.172e+00,-1.003e+00,-1.127e+00,-8.507e-01,-8.879e-01,-1.480e+00,-1.101e+00,-1.168e+00,-1.602e+00
