3.613e+00,-6.128e-02,8.652e-01,3.736e-01,1.341e-01,-2.756e-01,-1.621e-01,9.346e-01,8.148e-01,1.026e-01,-1.684e-01,5.847e-02,-1.360e+00,1.845e-01,3.169e-01,-5.088e-01,-2.378e-01,-1.432e-01,-3.449e-01,5.847e-02,2.349e-01,-2.977e-02,-8.680e-01
-6.128e-02,3.613e+00,1.294e+00,3.169e-01,1.089e-01,-8.870e-01,-1.032e+00,-3.008e-01,-1.369e-01,-9.280e-02,3.673e-01,4.586e-02,-3.197e-01,3.736e-01,3.043e-01,3.421e-01,-2.693e-01,5.375e-01,-2.756e-01,6.257e-01,3.421e-01,2.034e-01,-6.159e-01
8.652e-01,1.294e+00,3.613e+00,3.547e-01,3.862e-01,-5.970e-01,-2.252e-01,5.060e-01,4.934e-01,2.286e-01,8.400e-01,6.888e-01,-1.936e-01,2.034e-01,6.698e-01,1.341e-01,5.249e-01,5.186e-01,3.169e-01,1.092e+00,9.787e-01,7.203e-01,-3.323e-01
3.736e-01,3.169e-01,3.547e-01,3.613e+00,5.690e-01,-7.798e-01,-1.086e-02,-2.945e-01,9.598e-01,1.275e+00,1.404e-01,5.690e-01,-7.483e-01,-4.559e-03,2.476e-01,-9.910e-02,-2.977e-02,1.152e-01,-1.936e-01,6.068e-01,1.596e+00,6.194e-01,-3.827e-01
1.341e-01,1.089e-01,3.862e-01,5.690e-01,3.613e+00,-1.177e+00,-9.910e-02,-6.727e-01,1.467e-01,-4.205e-01,-4.899e-01,5.816e-01,-1.007e+00,1.215e-01,-3.512e-01,3.610e-01,-7.389e-02,4.619e-01,1.744e-03,4.682e-01,6.257e-01,3.421e-01,-8.870e-01
-2.756e-01,-8.870e-01,-5.970e-01,-7.798e-01,-1.177e+00,3.613e+00,-1.555e+00,-8.113e-01,-8.239e-01,-9.059e-01,-1.076e+00,-1.303e+00,-1.700e+00,-1.051e+00,-2.945e-01,-1.284e+00,-8.807e-01,-5.277e-01,-1.290e+00,-1.038e+00,-1.057e+00,-1.429e+00,-1.687e+00
-1.621e-01,-1.032e+00,-2.252e-01,-1.086e-02,-9.910e-02,-1.555e+00,3.613e+00,-1.341e+00,-1.558e-01,-9.878e-01,-2.189e-01,9.472e-01,-1.549e+00,5.060e-01,-4.710e-01,-7.231e-01,-4.016e-01,1.782e-01,1.530e-01,-7.420e-01,2.854e-01,7.014e-01,-1.334e+00
9.346e-01,-3.008e-01,5.060e-01,-2.945e-01,-6.727e-01,-8.113e-01,-1.341e+00,3.613e+00,1.634e+00,-6.128e-02,1.744e-03,-3.638e-01,-1.227e+00,-6.128e-02,-1.684e-01,5.879e-01,-7.987e-01,1.215e-01,-3.701e-01,7.738e-02,7.738e-02,1.026e-01,-1.045e+00
8.148e-01,-1.369e-01,4.934e-01,9.598e-01,1.467e-01,-8.239e-01,-1.558e-01,1.634e+00,3.613e+00,-1.936e-01,-6.128e-02,1.719e-01,-7.546e-01,2.034e-01,3.925e-01,6.257e-01,3.736e-01,1.719e-01,2.286e-01,-2.567e-01,2.286e-01,2.539e-01,-9.311e-01
1.026e-01,-9.280e-02,2.286e-01,1.275e+00,-4.205e-01,-9.059e-01,-9.878e-01,-6.128e-02,-1.936e-01,3.613e+00,5.847e-02,-2.819e-01,-1.164e+00,-3.386e-01,-4.268e-01,1.435e-02,-5.466e-01,-5.844e-01,-5.151e-01,6.888e-01,2.791e-01,-1.684e-01,-6.348e-01
-1.684e-01,3.673e-01,8.400e-01,1.404e-01,-4.899e-01,-1.076e+00,-2.189e-01,1.744e-03,-6.128e-02,5.847e-02,3.613e+00,5.847e-02,2.791e-01,1.344e+00,9.913e-01,9.409e-01,8.085e-01,1.899e+00,5.847e-02,2.065e-02,3.326e-02,5.753e-01,-9.626e-01
5.847e-02,4.586e-02,6.888e-01,5.690e-01,5.816e-01,-1.303e+00,9.472e-01,-3.638e-01,1.719e-01,-2.819e-01,5.847e-02,3.613e+00,3.295e-01,3.673e-01,-1.936e-01,-5.529e-01,5.627e-01,4.745e-01,7.140e-01,4.051e-01,8.337e-01,1.187e+00,-8.113e-01
-1.360e+00,-3.197e-01,-1.936e-01,-7.483e-01,-1.007e+00,-1.700e+00,-1.549e+00,-1.227e+00,-7.546e-01,-1.164e+00,2.791e-01,3.295e-01,3.613e+00,4.682e-01,6.572e-01,1.656e-01,7.581e-01,1.782e-01,2.065e-02,-6.128e-02,-1.158e+00,-6.348e-01,-1.114e+00
1.845e-01,3.736e-01,2.034e-01,-4.559e-03,1.215e-01,-1.051e+00,5.060e-01,-6.128e-02,2.034e-01,-3.386e-01,1.344e+00,3.673e-01,4.682e-01,3.613e+00,1.968e+00,3.421e-01,7.833e-01,6.131e-01,7.329e-01,2.602e-01,1.435e-02,3.925e-01,-9.941e-01
3.169e-01,3.043e-01,6.698e-01,2.476e-01,-3.512e-01,-2.945e-01,-4.710e-01,-1.684e-01,3.925e-01,-4.268e-01,9.913e-01,-1.936e-01,6.572e-01,1.968e+00,3.613e+00,4.555e-01,9.409e-01,7.644e-01,2.097e-01,4.619e-01,-2.063e-01,8.998e-02,-2.945e-01
-5.088e-01,3.421e-01,1.341e-01,-9.910e-02,3.610e-01,-1.284e+00,-7.231e-01,5.879e-01,6.257e-01,1.435e-02,9.409e-01,-5.529e-01,1.656e-01,3.421e-01,4.555e-01,3.613e+00,1.521e+00,5.249e-01,3.106e-01,-1.369e-01,-5.498e-02,-1.810e-01,-5.025e-01
-2.378e-01,-2.693e-01,5.249e-01,-2.977e-02,-7.389e-02,-8.807e-01,-4.016e-01,-7.987e-01,3.736e-01,-5.466e-01,8.085e-01,5.627e-01,7.581e-01,7.833e-01,9.409e-01,1.521e+00,3.613e+00,1.023e+00,1.376e+00,-2.126e-01,-3.607e-02,4.177e-01,-8.113e-01
-1.432e-01,5.375e-01,5.186e-01,1.152e-01,4.619e-01,-5.277e-01,1.782e-01,1.215e-01,1.719e-01,-5.844e-01,1.899e+00,4.745e-01,1.782e-01,6.131e-01,7.644e-01,5.249e-01,1.023e+00,3.613e+00,6.509e-01,-9.910e-02,2.097e-01,4.492e-01,-7.231e-01
-3.449e-01,-2.756e-01,3.169e-01,-1.936e-01,1.744e-03,-1.290e+00,1.530e-01,-3.701e-01,2.286e-01,-5.151e-01,5.847e-02,7.140e-01,2.065e-02,7.329e-01,2.097e-01,3.106e-01,1.376e+00,6.509e-01,3.613e+00,-3.764e-01,-2.819e-01,-8.019e-02,-8.491e-01
5.847e-02,6.257e-01,1.092e+00,6.068e-01,4.682e-01,-1.038e+00,-7.420e-01,7.738e-02,-2.567e-01,6.888e-01,2.065e-02,4.051e-01,-6.128e-02,2.602e-01,4.619e-01,-1.369e-01,-2.126e-01,-9.910e-02,-3.764e-01,3.613e+00,2.290e+00,7.738e-02,-1.051e+00
2.349e-01,3.421e-01,9.787e-01,1.596e+00,6.257e-01,-1.057e+00,2.854e-01,7.738e-02,2.286e-01,2.791e-01,3.326e-02,8.337e-01,-1.158e+00,1.435e-02,-2.063e-01,-5.498e-02,-3.607e-02,2.097e-01,-2.819e-01,2.290e+00,3.613e+00,7.140e-01,-4.205e-01
-2.977e-02,2.034e-01,7.203e-01,6.194e-01,3.421e-01,-1.429e+00,7.014e-01,1.026e-01,2.539e-01,-1.684e-01,5.753e-01,1.187e+00,-6.348e-01,3.925e-01,8.998e-02,-1.810e-01,4.177e-01,4.492e-01,-8.019e-02,7.738e-02,7.140e-01,3.613e+00,-6.411e-01
-8.680e-01,-6.159e-01,-3.323e-01,-3.827e-01,-8.870e-01,-1.687e+00,-1.334e+00,-1.045e+00,-9.311e-01,-6.348e-01,-9.626e-01,-8.113e-01,-1.114e+00,-9.941e-01,-2.945e-01,-5.025e-01,-8.113e-01,-7.231e-01,-8.491e-01,-1.051e+00,-4.205e-01,-6.411e-01,3.613e+00
