-3.089e+00,-7.040e-02,9.939e-01,4.292e-01,1.540e-01,-3.166e-01,-1.862e-01,1.074e+00,9.360e-01,1.178e-01,-1.935e-01,6.716e-02,-1.562e+00,2.120e-01,3.640e-01,-5.844e-01,-2.731e-01,-1.645e-01,-3.962e-01,6.716e-02,2.699e-01,-3.420e-02,-9.971e-01
-7.040e-02,-3.089e+00,1.486e+00,3.640e-01,1.251e-01,-1.019e+00,-1.185e+00,-3.455e-01,-1.573e-01,-1.066e-01,4.219e-01,5.268e-02,-3.672e-01,4.292e-01,3.495e-01,3.930e-01,-3.093e-01,6.174e-01,-3.166e-01,7.188e-01,3.930e-01,2.337e-01,-7.075e-01
9.939e-01,1.486e+00,-3.089e+00,4.074e-01,4.436e-01,-6.858e-01,-2.586e-01,5.812e-01,5.667e-01,2.626e-01,9.649e-01,7.912e-01,-2.224e-01,2.337e-01,7.694e-01,1.540e-01,6.029e-01,5.957e-01,3.640e-01,1.255e+00,1.124e+00,8.274e-01,-3.817e-01
4.292e-01,3.640e-01,4.074e-01,-3.089e+00,6.536e-01,-8.958e-01,-1.248e-02,-3.383e-01,1.102e+00,1.464e+00,1.613e-01,6.536e-01,-8.596e-01,-5.237e-03,2.844e-01,-1.138e-01,-3.420e-02,1.323e-01,-2.224e-01,6.970e-01,1.834e+00,7.115e-01,-4.396e-01
1.540e-01,1.251e-01,4.436e-01,6.536e-01,-3.089e+00,-1.352e+00,-1.138e-01,-7.727e-01,1.685e-01,-4.831e-01,-5.627e-01,6.681e-01,-1.156e+00,1.396e-01,-4.034e-01,4.147e-01,-8.488e-02,5.305e-01,2.003e-03,5.378e-01,7.188e-01,3.930e-01,-1.019e+00
-3.166e-01,-1.019e+00,-6.858e-01,-8.958e-01,-1.352e+00,-3.089e+00,-1.786e+00,-9.320e-01,-9.464e-01,-1.041e+00,-1.236e+00,-1.497e+00,-1.953e+00,-1.207e+00,-3.383e-01,-1.475e+00,-1.012e+00,-6.062e-01,-1.482e+00,-1.193e+00,-1.214e+00,-1.641e+00,-1.938e+00
-1.862e-01,-1.185e+00,-2.586e-01,-1.248e-02,-1.138e-01,-1.786e+00,-3.089e+00,-1.540e+00,-1.790e-01,-1.135e+00,-2.514e-01,1.088e+00,-1.779e+00,5.812e-01,-5.410e-01,-8.306e-01,-4.614e-01,2.047e-01,1.758e-01,-8.523e-01,3.278e-01,8.056e-01,-1.533e+00
1.074e+00,-3.455e-01,5.812e-01,-3.383e-01,-7.727e-01,-9.320e-01,-1.540e+00,-3.089e+00,1.877e+00,-7.040e-02,2.003e-03,-4.179e-01,-1.410e+00,-7.040e-02,-1.935e-01,6.753e-01,-9.175e-01,1.396e-01,-4.252e-01,8.888e-02,8.888e-02,1.178e-01,-1.200e+00
9.360e-01,-1.573e-01,5.667e-01,1.102e+00,1.685e-01,-9.464e-01,-1.790e-01,1.877e+00,-3.089e+00,-2.224e-01,-7.040e-02,1.975e-01,-8.668e-01,2.337e-01,4.509e-01,7.188e-01,4.292e-01,1.975e-01,2.626e-01,-2.948e-01,2.626e-01,2.916e-01,-1.070e+00
1.178e-01,-1.066e-01,2.626e-01,1.464e+00,-4.831e-01,-1.041e+00,-1.135e+00,-7.040e-02,-2.224e-01,-3.089e+00,6.716e-02,-3.238e-01,-1.337e+00,-3.890e-01,-4.903e-01,1.648e-02,-6.279e-01,-6.713e-01,-5.917e-01,7.912e-01,3.206e-01,-1.935e-01,-7.292e-01
-1.935e-01,4.219e-01,9.649e-01,1.613e-01,-5.627e-01,-1.236e+00,-2.514e-01,2.003e-03,-7.040e-02,6.716e-02,-3.089e+00,6.716e-02,3.206e-01,1.544e+00,1.139e+00,1.081e+00,9.287e-01,2.181e+00,6.716e-02,2.372e-02,3.820e-02,6.608e-01,-1.106e+00
6.716e-02,5.268e-02,7.912e-01,6.536e-01,6.681e-01,-1.497e+00,1.088e+00,-4.179e-01,1.975e-01,-3.238e-01,6.716e-02,-3.089e+00,3.785e-01,4.219e-01,-2.224e-01,-6.351e-01,6.464e-01,5.450e-01,8.201e-01,4.654e-01,9.577e-01,1.363e+00,-9.320e-01
-1.562e+00,-3.672e-01,-2.224e-01,-8.596e-01,-1.156e+00,-1.953e+00,-1.779e+00,-1.410e+00,-8.668e-01,-1.337e+00,3.206e-01,3.785e-01,-3.089e+00,5.378e-01,7.550e-01,1.902e-01,8.708e-01,2.047e-01,2.372e-02,-7.040e-02,-1.330e+00,-7.292e-01,-1.279e+00
2.120e-01,4.292e-01,2.337e-01,-5.237e-03,1.396e-01,-1.207e+00,5.812e-01,-7.040e-02,2.337e-01,-3.890e-01,1.544e+00,4.219e-01,5.378e-01,-3.089e+00,2.261e+00,3.930e-01,8.998e-01,7.043e-01,8.418e-01,2.988e-01,1.648e-02,4.509e-01,-1.142e+00
3.640e-01,3.495e-01,7.694e-01,2.844e-01,-4.034e-01,-3.383e-01,-5.410e-01,-1.935e-01,4.509e-01,-4.903e-01,1.139e+00,-2.224e-01,7.550e-01,2.261e+00,-3.089e+00,5.233e-01,1.081e+00,8.780e-01,2.409e-01,5.305e-01,-2.369e-01,1.034e-01,-3.383e-01
-5.844e-01,3.930e-01,1.540e-01,-1.138e-01,4.147e-01,-1.475e+00,-8.306e-01,6.753e-01,7.188e-01,1.648e-02,1.081e+00,-6.351e-01,1.902e-01,3.930e-01,5.233e-01,-3.089e+00,1.747e+00,6.029e-01,3.568e-01,-1.573e-01,-6.316e-02,-2.080e-01,-5.772e-01
-2.731e-01,-3.093e-01,6.029e-01,-3.420e-02,-8.488e-02,-1.012e+00,-4.614e-01,-9.175e-01,4.292e-01,-6.279e-01,9.287e-01,6.464e-01,8.708e-01,8.998e-01,1.081e+00,1.747e+00,-3.089e+00,1.175e+00,1.580e+00,-2.442e-01,-4.144e-02,4.798e-01,-9.320e-01
-1.645e-01,6.174e-01,5.957e-01,1.323e-01,5.305e-01,-6.062e-01,2.047e-01,1.396e-01,1.975e-01,-6.713e-01,2.181e+00,5.450e-01,2.047e-01,7.043e-01,8.780e-01,6.029e-01,1.175e+00,-3.089e+00,7.477e-01,-1.138e-01,2.409e-01,5.160e-01,-8.306e-01
-3.962e-01,-3.166e-01,3.640e-01,-2.224e-01,2.003e-03,-1.482e+00,1.758e-01,-4.252e-01,2.626e-01,-5.917e-01,6.716e-02,8.201e-01,2.372e-02,8.418e-01,2.409e-01,3.568e-01,1.580e+00,7.477e-01,-3.089e+00,-4.324e-01,-3.238e-01,-9.212e-02,-9.754e-01
6.716e-02,7.188e-01,1.255e+00,6.970e-01,5.378e-01,-1.193e+00,-8.523e-01,8.888e-02,-2.948e-01,7.912e-01,2.372e-02,4.654e-01,-7.040e-02,2.988e-01,5.305e-01,-1.573e-01,-2.442e-01,-1.138e-01,-4.324e-01,-3.089e+00,2.630e+00,8.888e-02,-1.207e+00
2.699e-01,3.930e-01,1.124e+00,1.834e+00,7.188e-01,-1.214e+00,3.278e-01,8.888e-02,2.626e-01,3.206e-01,3.820e-02,9.577e-01,-1.330e+00,1.648e-02,-2.369e-01,-6.316e-02,-4.144e-02,2.409e-01,-3.238e-01,2.630e+00,-3.089e+00,8.201e-01,-4.831e-01
-3.420e-02,2.337e-01,8.274e-01,7.115e-01,3.930e-01,-1.641e+00,8.056e-01,1.178e-01,2.916e-01,-1.935e-01,6.608e-01,1.363e+00,-7.292e-01,4.509e-01,1.034e-01,-2.080e-01,4.798e-01,5.160e-01,-9.212e-02,8.888e-02,8.201e-01,-3.089e+00,-7.365e-01
-9.971e-01,-7.075e-01,-3.817e-01,-4.396e-01,-1.019e+00,-1.938e+00,-1.533e+00,-1.200e+00,-1.070e+00,-7.292e-01,-1.106e+00,-9.320e-01,-1.279e+00,-1.142e+00,-3.383e-01,-5.772e-01,-9.320e-01,-8.306e-01,-9.754e-01,-1.207e+00,-4.831e-01,-7.365e-01,-3.089e+00
