2.824e+00,4.078e-01,5.538e-01,3.793e-01,8.224e-02,-8.125e-01,-2.473e-01,3.066e-01,5.802e-01,-8.245e-02,3.331e-01,2.102e-01,-1.220e+00,-4.876e-02,4.186e-01,-7.133e-01,-7.239e-01,-4.124e-01,-8.813e-01,4.370e-01,4.336e-01,4.286e-01,-8.125e-01
4.078e-01,2.824e+00,1.764e+00,9.821e-01,2.144e-01,-7.415e-01,-9.671e-01,7.388e-01,7.931e-01,7.738e-01,6.640e-01,1.178e+00,-6.259e-01,6.814e-01,1.070e+00,6.208e-01,-5.866e-01,2.599e-01,-4.067e-01,1.466e+00,1.425e+00,4.078e-01,-9.187e-01
5.538e-01,1.764e+00,2.824e+00,9.776e-01,5.962e-01,-8.926e-01,-5.038e-01,7.872e-01,6.166e-01,4.633e-01,8.646e-01,6.615e-01,-7.507e-01,8.646e-01,1.673e-01,-3.007e-01,-3.543e-01,-2.846e-01,-5.339e-01,1.561e+00,1.213e+00,3.021e-01,-9.699e-01
3.793e-01,9.821e-01,9.776e-01,2.824e+00,4.735e-01,-5.487e-01,1.052e-01,-4.761e-01,-1.473e-01,1.721e+00,3.236e-01,1.410e+00,-1.385e+00,8.822e-02,-9.963e-02,-7.791e-01,-6.634e-01,8.822e-02,-4.685e-01,1.575e+00,1.531e+00,4.033e-01,-1.152e+00
8.224e-02,2.144e-01,5.962e-01,4.735e-01,2.824e+00,-1.105e+00,4.676e-01,-5.248e-01,1.537e-01,2.657e-01,-9.817e-02,3.747e-01,-1.385e+00,1.813e-01,-3.029e-01,-2.451e-02,-4.879e-01,4.465e-01,-2.456e-01,1.591e-01,6.872e-01,3.106e-01,-1.385e+00
-8.125e-01,-7.415e-01,-8.926e-01,-5.487e-01,-1.105e+00,2.824e+00,-1.385e+00,-3.530e-01,-2.354e-01,-4.871e-01,-1.125e+00,-1.385e+00,-1.385e+00,-1.385e+00,-5.752e-01,-1.206e+00,-8.892e-01,-8.016e-01,-1.155e+00,-1.385e+00,-9.705e-01,-1.385e+00,-1.385e+00
-2.473e-01,-9.671e-01,-5.038e-01,1.052e-01,4.676e-01,-1.385e+00,2.824e+00,-1.020e+00,1.052e-01,-9.481e-01,3.460e-01,5.085e-01,-1.385e+00,5.112e-01,-1.172e-01,-1.017e+00,-4.196e-01,3.887e-01,-1.589e-01,-7.358e-01,-5.499e-03,1.005e+00,-1.385e+00
3.066e-01,7.388e-01,7.872e-01,-4.761e-01,-5.248e-01,-3.530e-01,-1.020e+00,2.824e+00,1.858e+00,-7.729e-01,-5.424e-01,-3.713e-01,-1.294e+00,8.658e-01,5.834e-01,4.816e-01,-3.816e-01,7.263e-01,-2.740e-01,-5.898e-01,-4.441e-01,-3.330e-01,-1.125e+00
5.802e-01,7.931e-01,6.166e-01,-1.473e-01,1.537e-01,-2.354e-01,1.052e-01,1.858e+00,2.824e+00,-6.136e-01,-3.499e-01,3.041e-02,-1.122e+00,3.888e-01,8.493e-01,8.582e-01,4.095e-01,1.455e-01,-1.018e-01,-5.583e-01,-3.919e-02,2.127e-02,-1.208e+00
-8.245e-02,7.738e-01,4.633e-01,1.721e+00,2.657e-01,-4.871e-01,-9.481e-01,-7.729e-01,-6.136e-01,2.824e+00,-2.697e-01,1.183e+00,-1.385e+00,-1.581e-01,-1.038e+00,-6.924e-01,-1.072e+00,-6.463e-01,-7.651e-01,1.685e+00,1.325e+00,-1.579e-01,-1.339e+00
3.331e-01,6.640e-01,8.646e-01,3.236e-01,-9.817e-02,-1.125e+00,3.460e-01,-5.424e-01,-3.499e-01,-2.697e-01,2.824e+00,2.001e-01,5.491e-01,1.330e+00,1.322e+00,1.183e+00,1.183e+00,2.016e+00,1.567e-01,4.517e-01,2.348e-01,9.384e-01,-1.265e+00
2.102e-01,1.178e+00,6.615e-01,1.410e+00,3.747e-01,-1.385e+00,5.085e-01,-3.713e-01,3.041e-02,1.183e+00,2.001e-01,2.824e+00,2.199e-01,5.962e-01,1.157e-01,-7.563e-01,1.218e-01,2.997e-01,4.420e-01,1.393e+00,1.443e+00,7.987e-01,-9.725e-01
-1.220e+00,-6.259e-01,-7.507e-01,-1.385e+00,-1.385e+00,-1.385e+00,-1.385e+00,-1.294e+00,-1.122e+00,-1.385e+00,5.491e-01,2.199e-01,2.824e+00,6.034e-01,6.784e-01,5.166e-01,7.883e-01,2.986e-01,-1.620e-01,-2.603e-01,-1.297e+00,-1.385e+00,-1.270e+00
-4.876e-02,6.814e-01,8.646e-01,8.822e-02,1.813e-01,-1.385e+00,5.112e-01,8.658e-01,3.888e-01,-1.581e-01,1.330e+00,5.962e-01,6.034e-01,2.824e+00,1.423e+00,6.686e-01,1.079e+00,9.646e-01,5.978e-01,4.517e-01,2.348e-01,3.575e-01,-8.550e-01
4.186e-01,1.070e+00,1.673e-01,-9.963e-02,-3.029e-01,-5.752e-01,-1.172e-01,5.834e-01,8.493e-01,-1.038e+00,1.322e+00,1.157e-01,6.784e-01,1.423e+00,2.824e+00,7.461e-01,1.172e+00,1.153e+00,-4.183e-02,1.368e-01,3.380e-03,6.108e-02,-1.014e+00
-7.133e-01,6.208e-01,-3.007e-01,-7.791e-01,-2.451e-02,-1.206e+00,-1.017e+00,4.816e-01,8.582e-01,-6.924e-01,1.183e+00,-7.563e-01,5.166e-01,6.686e-01,7.461e-01,2.824e+00,1.561e+00,1.023e+00,3.331e-01,-2.234e-01,-1.813e-01,-7.791e-01,-8.672e-01
-7.239e-01,-5.866e-01,-3.543e-01,-6.634e-01,-4.879e-01,-8.892e-01,-4.196e-01,-3.816e-01,4.095e-01,-1.072e+00,1.183e+00,1.218e-01,7.883e-01,1.079e+00,1.172e+00,1.561e+00,2.824e+00,1.156e+00,1.192e+00,6.701e-02,-7.777e-01,-3.181e-01,-9.745e-01
-4.124e-01,2.599e-01,-2.846e-01,8.822e-02,4.465e-01,-8.016e-01,3.887e-01,7.263e-01,1.455e-01,-6.463e-01,2.016e+00,2.997e-01,2.986e-01,9.646e-01,1.153e+00,1.023e+00,1.156e+00,2.824e+00,5.808e-01,-2.775e-01,-9.650e-02,2.384e-01,-7.358e-01
-8.813e-01,-4.067e-01,-5.339e-01,-4.685e-01,-2.456e-01,-1.155e+00,-1.589e-01,-2.740e-01,-1.018e-01,-7.651e-01,1.567e-01,4.420e-01,-1.620e-01,5.978e-01,-4.183e-02,3.331e-01,1.192e+00,5.808e-01,2.824e+00,-3.391e-01,-5.123e-01,-3.750e-01,-7.680e-01
4.370e-01,1.466e+00,1.561e+00,1.575e+00,1.591e-01,-1.385e+00,-7.358e-01,-5.898e-01,-5.583e-01,1.685e+00,4.517e-01,1.393e+00,-2.603e-01,4.517e-01,1.368e-01,-2.234e-01,6.701e-02,-2.775e-01,-3.391e-01,2.824e+00,2.497e+00,4.942e-01,-1.280e+00
4.336e-01,1.425e+00,1.213e+00,1.531e+00,6.872e-01,-9.705e-01,-5.499e-03,-4.441e-01,-3.919e-02,1.325e+00,2.348e-01,1.443e+00,-1.297e+00,2.348e-01,3.380e-03,-1.813e-01,-7.777e-01,-9.650e-02,-5.123e-01,2.497e+00,2.824e+00,3.509e-01,-9.523e-01
4.286e-01,4.078e-01,3.021e-01,4.033e-01,3.106e-01,-1.385e+00,1.005e+00,-3.330e-01,2.127e-02,-1.579e-01,9.384e-01,7.987e-01,-1.385e+00,3.575e-01,6.108e-02,-7.791e-01,-3.181e-01,2.384e-01,-3.750e-01,4.942e-01,3.509e-01,2.824e+00,-1.010e+00
-8.125e-01,-9.187e-01,-9.699e-01,-1.152e+00,-1.385e+00,-1.385e+00,-1.385e+00,-1.125e+00,-1.208e+00,-1.339e+00,-1.265e+00,-9.725e-01,-1.270e+00,-8.550e-01,-1.014e+00,-8.672e-01,-9.745e-01,-7.358e-01,-7.680e-01,-1.280e+00,-9.523e-01,-1.010e+00,2.824e+00
