3.462e+00,1.154e+00,4.755e-01,5.248e-01,-2.303e-01,-5.380e-01,1.652e-01,-2.045e-01,3.850e-01,-1.278e-01,-3.389e-01,1.923e+00,-9.610e-01,1.652e-01,4.140e-04,-7.067e-01,6.927e-01,-2.303e-01,1.154e+00,-1.278e-01,1.652e-01,-1.278e-01,-4.940e-01
1.154e+00,3.462e+00,6.927e-01,-2.773e-02,-2.947e-01,-4.940e-01,-1.278e-01,-4.433e-01,4.140e-04,-4.433e-01,3.850e-01,1.484e+00,-2.303e-01,6.927e-01,6.927e-01,4.140e-04,1.652e-01,5.058e-02,3.850e-01,1.652e-01,2.667e-01,-2.528e-01,-7.240e-01
4.755e-01,6.927e-01,3.462e+00,6.927e-01,3.763e-02,3.850e-01,-3.142e-01,6.927e-01,-1.278e-01,3.850e-01,1.484e+00,1.652e-01,3.850e-01,8.978e-01,1.154e+00,6.927e-01,1.652e-01,3.850e-01,4.140e-04,1.018e+00,6.048e-01,-1.278e-01,-8.556e-01
5.248e-01,-2.773e-02,6.927e-01,3.462e+00,4.140e-04,-6.918e-01,4.140e-04,-6.571e-01,-4.246e-01,1.923e+00,4.140e-04,4.289e-01,-7.983e-01,4.140e-04,-2.067e-01,-7.841e-01,-4.940e-01,-2.303e-01,-3.142e-01,1.923e+00,2.539e+00,-1.278e-01,-8.819e-01
-2.303e-01,-2.947e-01,3.763e-02,4.140e-04,3.462e+00,-8.556e-01,5.058e-02,-7.687e-01,1.652e-01,-4.149e-01,-4.940e-01,2.312e-01,-7.841e-01,-1.985e-01,-3.142e-01,-2.067e-01,-4.433e-01,-1.818e-01,-3.842e-01,-2.303e-01,2.667e-01,1.652e-01,-1.153e+00
-5.380e-01,-4.940e-01,3.850e-01,-6.918e-01,-8.556e-01,3.462e+00,-1.153e+00,-1.011e+00,-6.918e-01,-8.969e-01,-7.687e-01,-1.153e+00,3.850e-01,-1.153e+00,-3.142e-01,-9.104e-01,-5.380e-01,-4.433e-01,-3.142e-01,-8.115e-01,-1.052e+00,-1.153e+00,-5.578e-01
1.652e-01,-1.278e-01,-3.142e-01,4.140e-04,5.058e-02,-1.153e+00,3.462e+00,-1.032e+00,5.248e-01,-7.031e-01,-1.555e-01,3.235e-01,6.927e-01,2.040e-01,-5.094e-01,1.154e+00,-2.303e-01,-3.842e-01,-1.278e-01,-1.278e-01,-3.142e-01,4.949e-01,-1.153e+00
-2.045e-01,-4.433e-01,6.927e-01,-6.571e-01,-7.687e-01,-1.011e+00,-1.032e+00,3.462e+00,9.142e-01,-3.142e-01,-3.932e-01,-6.476e-01,-1.011e+00,-3.947e-01,-4.433e-01,1.154e+00,3.850e-01,-1.278e-01,-5.578e-01,-6.675e-01,4.140e-04,-5.765e-01,-9.482e-01
3.850e-01,4.140e-04,-1.278e-01,-4.246e-01,1.652e-01,-6.918e-01,5.248e-01,9.142e-01,3.462e+00,-3.142e-01,-6.167e-01,1.652e-01,4.140e-04,-3.142e-01,4.755e-01,1.154e+00,-1.278e-01,7.733e-02,4.140e-04,-3.842e-01,-1.278e-01,-3.389e-01,-8.490e-01
-1.278e-01,-4.433e-01,3.850e-01,1.923e+00,-4.149e-01,-8.969e-01,-7.031e-01,-3.142e-01,-3.142e-01,3.462e+00,-1.278e-01,-1.278e-01,-8.457e-01,-1.278e-01,4.140e-04,-3.507e-01,-7.138e-01,-5.168e-01,-7.687e-01,1.923e+00,1.923e+00,-7.031e-01,-1.032e+00
-3.389e-01,3.850e-01,1.484e+00,4.140e-04,-4.940e-01,-7.687e-01,-1.555e-01,-3.932e-01,-6.167e-01,-1.278e-01,3.462e+00,-3.455e-02,-2.601e-01,4.519e-01,6.927e-01,3.354e-01,2.451e-01,1.833e+00,-3.389e-01,3.850e-01,-6.745e-02,1.974e-01,-9.387e-01
1.923e+00,1.484e+00,1.652e-01,4.289e-01,2.312e-01,-1.153e+00,3.235e-01,-6.476e-01,1.652e-01,-1.278e-01,-3.455e-02,3.462e+00,-1.818e-01,3.763e-02,-1.278e-01,-6.104e-01,3.850e-01,-2.743e-01,6.927e-01,2.667e-01,7.696e-01,4.519e-01,-6.104e-01
-9.610e-01,-2.303e-01,3.850e-01,-7.983e-01,-7.841e-01,3.850e-01,6.927e-01,-1.011e+00,4.140e-04,-8.457e-01,-2.601e-01,-1.818e-01,3.462e+00,1.652e-01,2.141e-01,6.927e-01,1.286e-01,-3.842e-01,5.248e-01,-2.303e-01,-1.045e+00,-1.153e+00,-8.556e-01
1.652e-01,6.927e-01,8.978e-01,4.140e-04,-1.985e-01,-1.153e+00,2.040e-01,-3.947e-01,-3.142e-01,-1.278e-01,4.519e-01,3.763e-02,1.652e-01,3.462e+00,2.247e+00,3.850e-01,1.154e+00,1.154e+00,1.652e-01,1.652e-01,-1.278e-01,3.235e-01,-7.983e-01
4.140e-04,6.927e-01,1.154e+00,-2.067e-01,-3.142e-01,-3.142e-01,-5.094e-01,-4.433e-01,4.755e-01,4.140e-04,6.927e-01,-1.278e-01,2.141e-01,2.247e+00,3.462e+00,5.248e-01,8.978e-01,3.850e-01,-2.303e-01,6.927e-01,4.140e-04,-1.278e-01,-8.295e-01
-7.067e-01,4.140e-04,6.927e-01,-7.841e-01,-2.067e-01,-9.104e-01,1.154e+00,1.154e+00,1.154e+00,-3.507e-01,3.354e-01,-6.104e-01,6.927e-01,3.850e-01,5.248e-01,3.462e+00,1.018e+00,1.652e-01,1.154e+00,8.978e-01,-2.303e-01,-7.138e-01,-5.380e-01
6.927e-01,1.652e-01,1.652e-01,-4.940e-01,-4.433e-01,-5.380e-01,-2.303e-01,3.850e-01,-1.278e-01,-7.138e-01,2.451e-01,3.850e-01,1.286e-01,1.154e+00,8.978e-01,1.018e+00,3.462e+00,2.539e+00,1.923e+00,-3.622e-01,-2.303e-01,1.053e-01,-2.303e-01
-2.303e-01,5.058e-02,3.850e-01,-2.303e-01,-1.818e-01,-4.433e-01,-3.842e-01,-1.278e-01,7.733e-02,-5.168e-01,1.833e+00,-2.743e-01,-3.842e-01,1.154e+00,3.850e-01,1.652e-01,2.539e+00,3.462e+00,1.484e+00,-4.149e-01,-1.278e-01,-3.142e-01,-4.433e-01
1.154e+00,3.850e-01,4.140e-04,-3.142e-01,-3.842e-01,-3.142e-01,-1.278e-01,-5.578e-01,4.140e-04,-7.687e-01,-3.389e-01,6.927e-01,5.248e-01,1.652e-01,-2.303e-01,1.154e+00,1.923e+00,1.484e+00,3.462e+00,-4.433e-01,-1.278e-01,-4.433e-01,-5.168e-01
-1.278e-01,1.652e-01,1.018e+00,1.923e+00,-2.303e-01,-8.115e-01,-1.278e-01,-6.675e-01,-3.842e-01,1.923e+00,3.850e-01,2.667e-01,-2.303e-01,1.652e-01,6.927e-01,8.978e-01,-3.622e-01,-4.149e-01,-4.433e-01,3.462e+00,2.237e+00,-8.834e-02,-9.758e-01
1.652e-01,2.667e-01,6.048e-01,2.539e+00,2.667e-01,-1.052e+00,-3.142e-01,4.140e-04,-1.278e-01,1.923e+00,-6.745e-02,7.696e-01,-1.045e+00,-1.278e-01,4.140e-04,-2.303e-01,-2.303e-01,-1.278e-01,-1.278e-01,2.237e+00,3.462e+00,4.140e-04,-9.039e-01
-1.278e-01,-2.528e-01,-1.278e-01,-1.278e-01,1.652e-01,-1.153e+00,4.949e-01,-5.765e-01,-3.389e-01,-7.031e-01,1.974e-01,4.519e-01,-1.153e+00,3.235e-01,-1.278e-01,-7.138e-01,1.053e-01,-3.142e-01,-4.433e-01,-8.834e-02,4.140e-04,3.462e+00,3.850e-01
-4.940e-01,-7.240e-01,-8.556e-01,-8.819e-01,-1.153e+00,-5.578e-01,-1.153e+00,-9.482e-01,-8.490e-01,-1.032e+00,-9.387e-01,-6.104e-01,-8.556e-01,-7.983e-01,-8.295e-01,-5.380e-01,-2.303e-01,-4.433e-01,-5.168e-01,-9.758e-01,-9.039e-01,3.850e-01,3.462e+00
